4.38099006593371
4.379606149444338
4.377834312688666
4.377034407351376
4.37562014408943
4.374870909941955
4.373567000609516
4.372645989885033
4.3714468174738705
4.3703478527989
4.369185833632502
4.368367625611853
4.366838932141482
4.365908135393455
4.364585742393687
4.363390444066045
4.362215506571774
4.36072463935444
4.359720785244306
4.3589940181360705
4.357902100886702
4.356586500824599
4.355225478510252
4.353978590593676
4.353289641322612
4.35242805864224
4.350855049798346
4.350006686315445
4.348800289102898
4.347908739392213
4.346854311109708
4.345690851158113
4.3441867842776425
4.343136190990537
4.341731491713901
4.340638995340734
4.33961885504469
4.338146741467068
4.336395171316676
4.335329829729953
4.333922853105768
4.332599397363089
4.331664510587729
4.33007013609923
4.329186260329093
4.328576148694626
4.327059746184109
4.325122861823042
4.323837317170159
4.322557385402916
4.321098149619126
4.319591412608909
4.318481264870476
4.317116187324109
4.3159994354339295
4.31469791209536
4.313437975955008
4.3117088940178405
4.310397145160956
4.309385284953124
4.307699400933781
4.306518137159643
4.305082601229555
4.303391274719829
4.3018892399737405
4.300167641950637
4.2984045500864045
4.2973177308892465
4.296031242530006
4.295370073117515
4.294571357861742
4.29337824194781
4.292185800701054
4.290426672870186
4.289228881120999
4.288067305789119
4.286501220610387
4.285398941312365
4.284302565154066
4.282809791627079
4.281844200982394
4.279994229916296
4.2785063925171025
4.2775810974830355
4.2761607508948645
4.274839167887668
4.2733633236801785
4.272853575734843
4.271284383419489
4.270575231083518
4.269150548455656
4.2674367031316
4.266441654717113
4.265062793053414
4.263487763950141
4.261952057016762
4.260318649429008
4.258672002794638
4.257326616798588
4.255955017716127
4.254321174808239
4.253374070745881
4.251643344789547
4.250791901967353
4.249131432484921
4.247886968478893
4.246594457762633
4.245229369025623
4.2438979693198196
4.243966995346463
4.242339889802564
4.24082204984151
4.239724211296255
4.238153299449903
4.237318528752397
4.235783682175935
4.2350139249298
4.233747799227602
4.232037549943853
4.230793603488477
4.229637554517791
4.227993853379076
4.226565331514124
4.225198503391405
4.223591769355131
4.222347591576796
4.221039980904086
4.219663929824146
4.218402766547873
4.217605628508129
4.2163323399458585
4.21493934108842
4.213770307918159
4.212386021483566
4.2111615894645125
4.210002231371036
4.209002468238096
4.207315848714497
4.205813554233862
4.204865692456142
4.203160018368344
4.2015796966307954
4.200315864518307
4.198930915006847
4.197578315713648
4.1961542547060064
4.194629757887084
4.19313713687025
4.1912258172648365
4.189820686129651
4.188151360989426
4.186337673083299
4.184692407752209
4.1832902739437605
4.181691669011526
4.17999716928056
4.178017352574859
4.176399748494892
4.175019178441319
4.173147263230263
4.17149456364881
4.169455428282178
4.168003910609513
4.166234598213215
4.164697013767814
4.1626534854212185
4.160988504396511
4.159396965707882
4.157476015046985
4.1557038796791606
4.1540670753025335
4.152296079939436
4.150202424981854
4.149032405471695
4.147324640567636
4.145806139902763
4.144176518431201
4.142363943631738
4.140926024788743
4.139456335778643
4.1378671017576245
4.136618743045241
4.135413028411751
4.134032340834911
4.132501107873953
4.131449259340648
4.129690580057298
4.128652335789713
4.1270094658199215
4.125467832513904
4.123441185910545
4.121979649732751
4.120175836130814
4.119108812266135
4.117752415442356
4.116442080270587
4.114743728959571
4.112933249673119
4.111135322205324
4.1104335075476515
4.109009023078603
4.107176969527805
4.105608913628944
4.1040342901107305
4.102536968180654
4.100973551491438
4.099700627650062
4.098375699414431
4.096457849995592
4.0952272239859
4.094446397320321
4.0933273675846165
4.091958622980102
4.091204129558211
4.090360786831407
4.0886593164983625
4.087212244635507
4.085744029492883
4.08484126290548
4.083561250028105
4.0823993984433615
4.0809473563322936
4.079561473649384
4.078152263311443
4.076791868616839
4.075146083485856
4.073977829589758
4.07214078793061
4.070725033379593
4.069169651153195
4.067262359959409
4.065990143944967
4.064294565852592
4.062930877801046
4.061783334874841
4.060386552863533
4.058189937803289
4.0575784598083935
4.0558897090982375
4.05424918795322
4.053011759349056
4.051811611601873
4.050845106776009
4.049299154322906
4.048171019733799
4.04710154603493
4.045881874051324
4.04441774616772
4.042773928529592
4.041325771166604
4.039771927155652
4.038512772485361
4.037026510224549
4.035391178887304
4.033868145041511
4.0326509085103
4.031049659731077
4.029910268536139
4.0290854733834385
4.028116702640665
4.026790426340294
4.025200941954819
4.023986579688165
4.022904779683521
4.0211071682952575
4.020113726050996
4.018676328438259
4.017516559589443
4.015720463356078
4.014414667430516
4.0134950944737975
4.012562211450101
4.010739311913815
4.009785930966138
4.008582822922371
4.007108314130641
4.006297699111301
4.004708441173304
4.003015873661904
4.001417856374991
4.000299501041756
3.9988086864903996
3.9978443714304905
3.9960320874709945
3.99477232005783
3.993122778161021
3.9925671272521908
3.9909349525022155
3.9894292224459957
3.9882342313753765
3.987750425471018
3.986308380997611
3.9847753671523285
3.9837524153561996
3.982413850353171
3.9808260430397913
3.979170074378666
3.978538847619027
3.976745292178961
3.9757069306864183
3.9744956742480153
3.973159903263966
3.9724586236026567
3.9708735280610523
3.9692085432742332
3.967672503350981
3.96644961901702
3.9648712182642694
3.964130985668768
3.9623727602741465
3.9614156094695283
3.9607076432735524
3.959318636966304
3.958631914787411
3.9570653489185026
3.9558459669869177
3.9545807023552673
3.953421547948672
3.952644581857157
3.951992692345593
3.950346310410432
3.9496319159236637
3.9490876066754965
3.9476917249740775
3.9462942528839546
3.9456689416932798
3.944194986760535
3.9431139185341384
3.942379363295951
3.9413919647770093
3.9399168968943377
3.93932667044412
3.9383901541363
3.9370530693858594
3.9370223624141816
3.936202981009049
3.9358559634402206
3.9350859106215017
3.934059168455955
3.9329479632372157
3.932439276838046
3.930735310119726
3.9298512437371516
3.9285878975658486
3.9273720717704714
3.9263833242523583
3.9261203107705063
3.9248083580749555
3.9239339105043314
3.9229540502668043
3.921778115599417
3.9210110633966497
3.920226341416933
3.9197972561587258
3.919564260365372
3.918604082515302
3.91777523488916
3.917277806744077
3.9163254404291834
3.9161290511841953
3.91509160578011
3.9142523166857095
3.9138733116894486
3.913215495140108
3.91253407561819
3.9110473977844644
3.910558501156234
3.9103160653538924
3.909341516753845
3.9083913980328613
3.9074671684189934
3.906630236248931
3.905786308341501
3.9052135826199543
3.904280250294209
3.903258926450137
3.902750895590382
3.90182454229404
3.9009874796101545
3.900284620291178
3.899813869535827
3.898636073708913
3.8981076653845923
3.897752622067714
3.8975286345917137
3.897157667369473
3.89622633613274
3.896084085897168
3.895882308519906
3.8951607090692817
3.8945446789061466
3.8942229326272573
3.8941210548760865
3.8930942465281637
3.892656708803058
3.8917607980829696
3.8915332217241274
3.8909776429954293
3.8909889245237834
3.890064114340243
3.889472311387444
3.88929765294793
3.8884825486420143
3.8877031656535186
3.887535061230558
3.8872846421163816
3.8863308641600067
3.8853412616648066
3.8845687295248412
3.883757030148111
3.8838215469516943
3.882911774564161
3.882566732612579
3.882436345398776
3.8818441515116513
3.881730590383202
3.8819977585174184
3.8813126325343545
3.881059646798455
3.8805615860710856
3.880549125271455
3.879634931346605
3.8793888266030256
3.879446240245813
3.8791518843985004
3.8785296289382862
3.878333790824099
3.8774745430212194
3.8774802960963393
3.87720219355217
3.876328514036155
3.8765213223811106
3.8765913778475536
3.876250970140219
3.87651991379329
3.8758138371496633
3.8755996175128016
3.8760612942087644
3.876349536113116
3.8757050831388615
3.875374755265453
3.8751976814901847
3.874843745446365
3.8748269252518726
3.8742236842838427
3.8745828361793015
3.8744302654703073
3.8742751524376895
3.874105230468379
3.873925570582552
3.874373096116248
3.874232207331938
3.874366101532513
3.8738100733518195
3.8738683318668654
3.8736848302463063
3.874002417373589
3.8738689455700777
3.873814673664465
3.874023015368266
3.873860190081531
3.8742232147330413
3.8749568431943855
3.87492989209326
3.8754514463925225
3.875922321584374
3.8761474538439975
3.8771635108551896
3.8775011098372514
3.8780001904678287
3.8784778951401804
3.8789012801722533
3.87930532120015
3.8796765261148116
3.8803095272585373
3.880746507212693
3.881326239288924
3.881978298821472
3.882278446099071
3.882333548213164
3.88275969836963
3.8832846774839327
3.883601481937856
3.884270628538537
3.8847298117474898
3.885624213162433
3.8862835093356876
3.887107207490532
3.887268063764672
3.887938382744574
3.8885898508199572
3.8893730986401875
3.8898517799249896
3.890330905075942
3.890653025659555
3.8913274115513925
3.8918725038849646
3.892124960230605
3.892519403993732
3.892966995768966
3.8938079699964487
3.8942566668660485
3.8947332254879976
3.895483747756582
3.8960700825114376
3.896806860163165
3.897427838830137
3.898100616145397
3.898258245924636
3.899192664600198
3.8996683130127625
3.900356029881352
3.9012532980875014
3.902136428731325
3.9025114471686106
3.903342792210493
3.904026089099639
3.905004760614334
3.905733030847502
3.9064150592392517
3.9074281332621137
3.9081608250489404
3.908884833095697
3.909780924060328
3.9105415159733288
3.911432197144634
3.9120547896582925
3.9127415432247314
3.9137294801235556
3.9145901409984
3.915602451842461
3.916343024041534
3.9170640300138184
3.9179064784288817
3.918287651601528
3.919102003998746
3.9197386689364735
3.921004883140995
3.921988579658419
3.9229823922364333
3.9236471987255745
3.924278677195592
3.924531408715636
3.925423317519684
3.926037367996662
3.9266147035069454
3.9268144845479136
3.927229998483569
3.927822328433978
3.928457655281889
3.928853127599724
3.9296258652375093
3.9297131875001603
3.9301383736161766
3.930911929503117
3.9314816532386794
3.932028560732349
3.9325976578119133
3.9330020307829767
3.9336521245320966
3.934296594913868
3.9348094951914416
3.9356953288740866
3.936575740544107
3.93679960145776
3.9370248223233006
3.9376024969758885
3.9384743204124653
3.938946131282686
3.93914134181283
3.9400698653809085
3.940980801838539
3.941185974018549
3.941958813987192
3.9427046837033743
3.9431280454422577
3.943976982781139
3.9446464262472887
3.945769190351066
3.946184713124713
3.946658805282989
3.947025015289287
3.9473807467029527
3.9479711867066385
3.9488375303123013
3.9495787367272355
3.9498142962659526
3.950310753479931
3.9499841022536084
3.9503670212488813
3.950627056011908
3.950979338120931
3.951493758292844
3.9526093602441157
3.953204969015693
3.953943712504943
3.9549080922936626
3.9548081420842776
3.9553208769366037
3.955316957287177
3.9563751720158438
3.957589088494361
3.9588485591248834
3.9594724253339475
3.9599909681423595
3.959704412136287
3.9603048101023584
3.9609699953516984
3.9617596333407876
3.9629979812860148
3.9636408296878667
3.9640820152978216
3.964067847131862
3.964257643338047
3.9647857371068835
3.9656412547421596
3.9668126324532493
3.9672202962449004
3.967205199462025
3.9675814716969646
3.9679736561169805
3.9684104767958814
3.9695199267296273
3.9698221274503993
3.9702856338290777
3.970394581318051
3.9719695518901075
3.97205760309143
3.972249842727341
3.9730482086965817
3.9742643330754572
3.9744223922670057
3.974587341469183
3.975073120280181
3.975998557910761
3.977102454946015
3.9776188392732803
3.9777497275587788
3.978399920658847
3.9786515406688
3.97964645140209
3.9793595048953634
3.9798648266904424
3.9803166455480925
3.9811162617202025
3.981825623068268
3.982301394858031
3.9830267517870888
3.9838393007721096
3.9843686571179946
3.985846427606176
3.9862006342581693
3.98686155913776
3.9872001896323304
3.988121206921062
3.9883534733035493
3.9892083170538286
3.990073657034067
3.990301296454169
3.991289416525731
3.990999150954776
3.9913108233848096
3.9921709512643853
3.9928200010949513
3.9932069264960415
3.994112671883967
3.9944676819491693
3.995725495849696
3.9963886246146574
3.996885195475287
3.9970372278973008
3.997527774178551
3.99800596050835
3.997903688537694
3.997971287153764
3.999408800989846
3.999435243694328
3.999690254969911
3.9999973469611896
4.00038134596666
4.00162748020209
4.002225235054168
4.002513130391859
4.002660723432311
4.003152437501551
4.003306889726222
4.003960299392168
4.003650779926313
4.004331183709269
4.004985632734543
4.005578405251126
4.005601496198894
4.006671548129774
4.007018502794769
4.007694441802686
4.008118681381678
4.00950293051078
4.0098356279185285
4.010157760906087
4.0109868573234575
4.011444206738218
4.01246624831162
4.013241631662386
4.012991805496491
4.013231717160346
4.01434773549553
4.014068636521777
4.015028058216817
4.015954161467907
4.016638052466555
4.0164389652428305
4.016857745146784
4.017947789775841
4.018162375336187
4.018187602463792
4.018909481756946
4.019019641173036
4.0193833343730185
4.019651311154309
4.019197979938862
4.020477109537293
4.02120102318704
4.022331721470662
4.022092576764214
4.02279453220324
4.023263709843009
4.024269600485438
4.024841491315322
4.025729973034313
4.02561226469647
4.026337270695443
4.026750680988711
4.026948871798539
4.027751780087624
4.028278711976045
4.0282279919925825
4.028257989735978
4.029006634217024
4.028994803116094
4.028970855411949
4.029544586881427
4.029730652054142
4.029381993557894
4.0297403864761465
4.02943675938612
4.029996992354417
4.030712487670588
4.031338871067879
4.032494780012786
4.032575943548148
4.032987780501054
4.034811617224766
4.034507836832604
4.034391334401112
4.034987359939586
4.036557213022235
4.037101409530999
4.036785749543467
4.037319928152252
4.038077534135649
4.0388419297919045
4.038232274275779
4.039207170749583
4.039642421659605
4.04001943616895
4.041051830083093
4.042227291080865
4.042213108287819
4.042202905377559
4.0425312016112285
4.042780807175612
4.042632384484344
4.0435463009323644
4.044395586392633
4.044628849684281
4.045320924437594
4.046317609545132
4.046264347613031
4.046979894049731
4.046965029201753
4.046582324645632
4.046204354076462
4.046523366616639
4.047544316477441
4.048138607879902
4.049722414636339
4.049962291427689
4.050431606448495
4.050383190245789
4.050915805677833
4.051951685044249
4.051761384656671
4.052477076057747
4.051722303714124
4.051350190798029
4.051819468616236
4.051911193126892
4.051791595954092
4.052228138362634
4.052677527333243
4.0520937147574365
4.051684135439083
4.0528506403763345
4.053309778172126
4.052877068679071
4.053082030013066
4.053156300121234
4.053672238396002
4.054058925148974
4.054425559280493
4.0545039738479245
4.055294922579488
4.056215287159458
4.057367745154055
4.0567909598895335
4.057522862735857
4.057817410313541
4.058080643505706
4.058838104930276
4.059155905925436
4.059333994406478
4.05902056577313
4.059659298957331
4.059707650711726
4.060542824910032
4.060249743440857
4.0607375617124335
4.061767797205167
4.061647109031527
4.062330801811435
4.062937028755206
4.063366562520927
4.06423585073977
4.064567115690899
4.0657626617138485
4.064903359499966
4.0640798251670285
4.064519890721957
4.065018645767145
4.065437866049666
4.065991907660543
4.065857993335491
4.065076081682056
4.0658244539896495
4.066317881817573
4.065886789503112
4.065496327569731
4.065828078801909
4.065022340172253
4.065125478651614
4.066616607925858
4.066230022721696
4.066117245772613
4.067180755549415
4.0677796792642225
4.068381018392872
4.068631431522677
4.068673485393181
4.068909590440792
4.068457349550509
4.069042812634362
4.06935046926358
4.069587828908761
4.069119067207363
4.069727966055984
4.069237638835674
4.068922197427542
4.06942766035074
4.069281030222016
4.069556178933976
4.0695820725228655
4.070810355905125
4.07111397360931
4.071256872695704
4.07193958492322
4.072251358369422
4.072906843208153
4.073571055674654
4.0735449562278765
4.074565073623154
4.075829164419941
4.075982253983856
4.077151368167132
4.078081434284683
4.078644106116573
4.080043560342491
4.079602024188679
4.080057901885929
4.080841577542155
4.081611597898959
4.081652580986723
4.082112760261604
4.0824625765539215
4.083568342783999
4.083620359921197
4.08413180092437
4.084484998388008
4.084880184883706
4.084318105993746
4.083955010980274
4.083552035929489
4.083689377485361
4.084786504783769
4.085641089085581
4.0860668461080545
4.085915067533042
4.085367505692161
4.085786221110129
4.0854160571672
4.086382188746552
4.087000940996643
4.086291608125488
4.085593133892932
4.085863336891759
4.084985471215264
4.085811018261154
4.085699872555336
4.08651054614547
4.086686842110631
4.0866381159382845
4.0867297241493
4.086752440428983
4.08642914574351
4.087082692661703
4.087687433550721
4.086986156751549
4.087382436727208
4.087867918435412
4.088175343582475
4.088991927098795
4.089602876951118
4.090298230469922
4.089109332446019
4.089685382083208
4.088821361861478
4.089760706608322
4.0903543543667436
4.090891715490482
4.092153081169568
4.09262131916829
4.092599094369274
4.093093727041203
4.09292627637644
4.0944261071950745
4.09404940424618
4.094600897607039
4.095350513120703
4.095864711026722
4.095155213857196
4.09505784835326
4.094938222621704
4.095607557873914
4.096004433710091
4.096757721663329
4.096450110105756
4.097154669806347
4.097448751352728
4.0975656243298335
4.097941142116777
4.098777535678088
4.098704589807173
4.099416058006698
4.099792455182425
4.0997388608116845
4.099339888468994
4.0993342550067675
4.1006961044231085
4.100419974849264
4.101127394047399
4.100785315055145
4.101030942617503
4.100848647433945
4.100939018562187
4.101151769210613
4.100763021375173
4.100933425635072
4.101825227446581
4.102931219881176
4.102393146207971
4.103048840361891
4.10250364386134
4.10301057255156
4.103232389159559
4.102291915663514
4.101372756482583
4.100340618578539
4.100884751409419
4.102206187101561
4.101859635957876
4.102109069396569
4.102753727229386
4.102452523479539
4.103272123823874
4.10347741548219
4.10352124671341
4.104883467323646
4.105645224822188
4.10617464078662
4.1055216107692845
4.106342079094793
