4.378104127729373
4.36965679280707
4.360862274407947
4.354183847268706
4.346034680015597
4.339035492374108
4.33082606702232
4.323367834787538
4.31470595054574
4.306881023036941
4.298829424957227
4.292041819769149
4.283744227699581
4.276391211393271
4.267972617899551
4.2599310628102005
4.2523252230809465
4.243374609350607
4.2356679218467
4.227495167207048
4.218942351180894
4.2113325506662855
4.200879788914637
4.1918097170771285
4.1814341996877475
4.170422330909153
4.160861101370539
4.150629842456359
4.140370422070384
4.130539114572956
4.120612832797992
4.111252381426879
4.102671904484993
4.0938503781837
4.083144226486038
4.074537612696919
4.064495284212141
4.0553819376168265
4.045305866078055
4.036623309840601
4.02725191941563
4.020459678712711
4.0139780100029325
4.004538884681258
3.99713931615052
3.9888786019681857
3.981078813244728
3.974122573568251
3.9674796561048047
3.9598203254261626
3.9523294619775386
3.945654672841151
3.9386301010640525
3.933537153526492
3.929649414501315
3.922545202571998
3.9176162689353253
3.9114820348228836
3.905694753324055
3.9007536175819477
3.895629095982406
3.891702290076657
3.890684078754451
3.8883142747520236
3.8857785988151803
3.8819549261244704
3.878993377598088
3.876968127393342
3.8729381497121205
3.872947967070383
3.8703194988330423
3.8687006852543777
3.8682155772558167
3.867715032522014
3.8679604510259864
3.870427206749216
3.8703811889780178
3.8737004350024566
3.875448201294852
3.8772875310301056
3.8806148948115156
3.8842051942597453
3.8879865752019165
3.8918181836061967
3.895756160657002
3.900774341018489
3.9054586721310423
3.9102621838481846
3.914928895418451
3.91890979967465
3.9223613433193436
3.9276876001300693
3.931345821314126
3.933957366414347
3.9375053996720895
3.940648984095414
3.943712715231812
3.9467599705967293
3.9498397636404947
3.955779007850344
3.9580964141318913
3.960684826825817
3.962836678934367
3.9658993546851895
3.9686319699723174
3.9731682467743132
3.973417483352178
3.9776385910902206
3.980215637896501
3.9819987344082026
3.9870853748939443
3.9901568944567964
3.9923134049745292
3.9960194408542367
3.9962928460409968
4.000455417829488
4.001257661794201
4.002996833530164
4.006011885571453
4.006773600807943
4.010454169929983
4.014126534877025
4.014987832868907
4.016540449398329
4.020712073789211
