4.7619118276859504
4.755682937067992
4.74920315361916
4.74243106007783
4.7353414782340915
4.728048395091203
4.720448906807673
4.7125446721245465
4.704289402579158
4.695799207996378
4.687096552127363
4.678233422079379
4.669226247626704
4.6601868031109
4.650773528969428
4.640900911206656
4.630574563793159
4.619588504710651
4.6079933249446725
4.5951244169092345
4.580339453500158
4.564119011364539
4.545744172103116
4.5257879696103585
4.501039000230379
4.474492365288792
4.445926846371579
4.415522312942653
4.380846003325356
4.339899016486767
4.297114556897809
4.239587941837957
4.181218985638656
4.129987033995392
4.084750688596033
4.042658371203997
4.004992509604951
3.9704374170978327
3.9394589317148863
3.911427194277334
3.8866857438724027
3.865460972114216
3.8479056715088924
3.833662263010648
3.8211550335639837
3.810141550268596
3.8000670090454554
3.791081955912367
3.7827949422411535
3.7751173448146242
3.7678643308498843
3.761287541748135
3.7552651696058184
3.749764812459872
3.744561117399143
3.7395658936241976
3.734781366224041
3.730144407352464
3.7256046794875415
3.7212711643180145
3.717105940836214
3.713113649358841
3.709276932110248
3.705597453842236
3.702065661072567
3.6986287226240746
3.695300360564845
3.6921097155878786
3.689087185102152
3.686227141609503
3.683498545876409
3.680883967522276
3.678347335550913
3.6759150709028017
3.6735409181503917
3.671246424033481
3.6689827336447456
3.666771142184119
3.664595460541743
3.662521903350685
3.6605661123038056
3.658706898184333
3.6569191919843305
3.6552078545007984
3.653617068409817
3.6520292404866064
3.6504373721144137
3.6489215659925094
3.6475049377714726
3.6462099257512666
3.6449956159100734
3.643867375217311
3.642816370009435
3.6417786095694384
3.6407974527871256
3.6399187659450165
3.639040595108768
3.6382129185456837
3.63747205294471
3.6368293486870766
3.636244358249824
3.6356884880458966
3.635166202637757
3.634679142677351
3.6342241021373924
3.6338109286081086
3.6333576889999772
3.632894898118556
3.632470319452959
3.632077985294802
3.631747881458817
3.631458004823355
3.63119523152865
3.6309474088542144
3.6307395231098014
3.6305622207449626
3.6303679574311114
3.6302145964662005
3.6301078849794144
3.6300083435723405
3.6299111331843505
3.629841310507744
3.629757234206134
3.6297045335042175
3.6296624058569624
3.629628269451118
3.629673958791936
3.629747926735285
3.6298279931759025
3.629938917201908
3.6300897663577696
3.630263607588781
3.6304590232277456
3.630634266240557
3.6308273519354413
3.6310701189173287
3.6312565647563235
3.6314180537851484
3.6316485853664418
3.6318547830964985
3.63203262838377
3.6322313908228074
3.632450005656521
3.6326874561584814
3.6329427717673184
3.6332150262741223
3.6334966211811115
3.6337919195191857
3.634091878293778
3.634380946617528
3.634674412035206
3.634969215782484
3.6352951646530824
3.6356639803962887
3.636044134870976
3.6364351784444344
3.6368255914163266
3.6372090532019565
3.637611214225042
3.6380452926944673
3.6384767209965165
3.638905646455592
3.6393684335056755
3.639835531696517
3.6402955337211798
3.640766361761512
3.641271824976386
3.641809409028996
3.642353426758069
3.642883380446691
3.6433928877891275
3.6439216450700704
3.644434017602237
3.6449509477478745
3.6454687522053133
3.645987804342995
3.646514658567542
3.6470474718840493
3.647566173469248
3.648076787488777
3.648585160225345
3.6490179951295167
3.6495538884771572
3.6499906824981476
3.650503225987754
3.6509375248078557
3.6513298672669867
3.6516538596243064
3.651959931450178
3.6522430731372766
3.6524994531011163
3.652701624631258
3.6528280290695196
3.652892066794289
3.652907659245188
3.652910846339123
3.652933346262907
3.6529645828442576
3.6529797734982017
3.6530143457661732
3.653044637260057
3.653068090423312
3.6530915526427705
3.653127127461793
3.653161841559103
3.6532083593611504
3.653244897671774
3.6532884421002065
3.6533398388836957
3.653375975486928
3.6534281668301904
3.6534792908419886
3.65351436363441
3.653554748115063
3.6536294145489827
3.6536989562203237
3.653782798577522
3.653868244549695
3.6540163841349034
3.6542026595567654
3.654389546320799
3.6545418694292198
3.6546666137280743
3.6548004860514687
3.6549299474965573
3.6550957379978457
3.6552368844958267
3.655452171493311
3.655729585160302
3.6559802742448304
3.656221780375952
3.656463614095555
3.656692915437503
3.6569166691277233
3.657144898102797
3.657373179150206
3.6575971581650677
3.6578131964154665
3.658052101372909
3.658280928961238
3.6585030291790854
3.6587204639650963
3.6589333301909805
3.6591417272280453
3.6593395068155394
3.659519538345095
3.659709265080758
3.6598768706843705
3.6600925061057605
3.6603591967948956
3.6606812071559705
3.661002002661633
3.6613131718303373
3.6615843703046713
3.661817238344254
3.662043439465767
3.66225989339319
3.662472592211008
3.6626723540864172
3.6628714975861865
3.6630520728616727
3.663203910057602
3.663352515553899
3.6634980205703376
3.66364036637776
3.6638185095705773
3.6639781425453415
3.6641644151896418
3.6643355332414744
3.6644976872382378
3.664655212728059
3.664808262188457
3.664979693112714
3.6651988666239914
3.6654204772668777
3.66563384640958
3.6658316344727337
3.665978929029357
3.6661202739263845
3.6662566015793776
3.6663853669159585
3.6665105453635873
3.666632419831807
3.6667510831313246
3.666863736982459
3.666972978654375
3.667066585301023
3.6671606417293927
3.6672825586176048
3.6674027417046804
3.6676065418331047
3.6677909249459675
3.6679508028476264
3.6681161071692086
3.668279056825875
3.6684225644854167
3.66858051809313
3.668744065883676
3.668919051491838
3.6691282853355403
3.669288559259216
3.6694730565003635
3.669658136702282
3.6698266157328896
3.670035932312914
3.670193624215069
3.6703627026167926
3.670566687184026
3.6706974022878867
3.6708511723755506
3.6709721457869997
3.671128615983919
3.67127035584728
3.6714156565165306
3.671544082278845
3.671673209778358
3.671838905230686
3.6719869620684102
3.6721311049925403
3.67228676729716
3.672420311876335
3.6725231115628856
3.6726045561641416
3.672655268436733
3.6726270907513188
3.672608234529198
3.672607512725766
3.672616336125666
3.6726254620974697
3.6726518689128778
3.6726731380486166
3.6727018418749107
3.672724668433387
3.6727640055471085
3.672838461672457
3.672917723951134
3.672954150284126
3.6729863646314715
3.673029345317097
3.6730983730930844
3.6731279131349637
3.673113408039704
3.6731712221520265
3.6731374871214286
3.673184806146975
3.673179441169457
3.6732317340102685
3.6732497253916554
3.673318412303032
3.6732960813818583
3.673381392307543
3.673458590524237
3.673510936042473
3.673571245007497
3.673623870042564
3.673679715858614
3.6737284929978684
3.6738874211012162
3.6739169363464805
3.673966815594291
3.6740291748381906
3.6740733472219778
3.6741202942051556
3.674177303131861
3.6741981618493185
3.6742442057522067
3.674297490528268
3.674361048615007
3.674388695653216
3.674437895140302
3.6745038983078233
3.6745873013082826
3.6746339543906728
3.674701026383908
3.6747891228245004
3.6749153677450317
3.6749915623456904
3.6750564453931256
3.6751442535570513
3.6752326888488507
3.6752957292075896
3.6754249377527595
3.6755098271258566
3.6755782109057384
3.6756712015863036
3.675736145640685
3.6758006190943053
3.6759033854225023
3.6760202695542343
3.6761129611144527
3.676185316297455
3.6763311553788554
3.6764798163430745
3.676636495545003
3.6768329652854765
3.677023491784692
3.6772083668362456
3.677387868959128
3.6775622639566894
3.677732370357286
3.6778981506775636
3.6780599129331923
3.6782178648445742
3.6783722044761378
3.6785264721143367
3.678677427080905
3.6788253899351364
3.6789705199601515
3.679031769942884
3.679078900116191
3.679138014928482
3.6792415663126596
3.6792962557790543
3.6793527042133443
3.679447632687952
3.6795886690590063
3.679741436534355
3.679853144473991
3.6799840757450832
3.6800900623823
3.680213261247408
3.680311243643071
3.680421472360155
3.6805403474168936
3.6805750258205383
3.6806293821527025
3.6807345903731328
3.680852766844725
3.680964557372037
3.681055455691762
3.6811952463243007
3.6813469207468428
3.681495990656053
3.681614005399581
3.6817276413141835
3.6818026284440655
3.6819061199859795
3.682011908403772
3.682181832068076
3.682282119334018
3.682388370908093
3.6825125266050893
3.6825954947232415
3.682692412590295
3.682790674900574
3.682908416308241
3.682983114022348
3.683081313057448
3.683173449443956
3.683313896358974
3.683415068233539
3.6834898655886272
3.6835762308878346
3.6836334111953684
3.6836506703268657
3.6836805352966184
3.683802101879323
3.683840388530231
3.683881663545163
3.683952218533866
3.68400930328976
3.684033543015601
3.6841360024839895
3.6841791013611753
3.6841706992687686
3.6841961606234452
3.6842202961889807
3.684212569151442
3.684261689709699
3.6842500218029444
3.6842174859951298
3.6842578742870105
3.6842581648383845
3.6842936297188604
3.68432640727476
3.6844042477614067
3.6844158209397335
3.6844975078276065
3.6845508735571166
3.6846047346141955
3.684648768179329
3.6846521757566952
3.68471904444268
3.68476612067835
3.6847823266371273
3.684830278524682
3.6848957392141273
3.6849136152619604
3.684916016267705
3.6849315207035347
3.6848911947804113
3.6849123140477613
3.684863700884558
3.6848693092757596
3.684770027578918
3.684799873894318
3.6847623431432823
3.6847731951044262
3.6846798469567417
3.6846953190856
3.6846110764124496
3.684635354238515
3.6846720414978034
3.684597187469302
3.6846306193460006
3.684674120801889
3.684718185229205
3.684671463441193
3.6847385903622185
3.684719910316356
3.684696631735264
3.6846760387202115
3.684657952294062
3.684642207268143
3.684628651223056
3.6846171435637722
3.6847190386479562
3.684761022437015
3.6847628194379225
3.6847803697797934
3.6847978947323603
3.6848796593717394
3.6848727820948497
3.68487667700333
3.6849068066314796
3.685013621914055
3.685045081822004
3.6850676381379897
3.6850888931519585
3.6851631602065584
3.685138822938611
3.685185836515075
3.685163276313454
3.6852501387887986
3.6853614784966333
3.6853786366416643
3.6854988464441334
3.6855611995842783
3.6855958695862685
3.685643330407879
3.685643148102381
3.6856918020683507
3.6857517992181084
3.6858006090385307
3.685951895321798
3.686068634277252
3.686273065702693
3.6864621286556325
3.6866738740800904
3.6869782915259592
3.6871983279997926
3.6874467118496437
3.68764425268178
3.6879031318426683
3.6880838729267547
3.6883217363084313
3.68848296886362
3.6886277665333016
3.6888260740752314
3.6889617856556276
3.689146071272844
3.6892638760359433
3.6893690864398656
3.689478470532094
3.689558454524088
3.6896549154857436
3.6897544301782945
3.6898568545353494
3.689999558157771
3.690136325518058
3.690241715967324
3.690425362812648
3.6905359706797234
3.6907418456185166
3.6908920341951355
3.6911074155311545
3.6912889632464125
3.691559500991504
3.6917705025547063
3.692040403552735
3.692259539235912
3.6925087330107087
3.6928545969802475
3.6931163309902133
3.693388573897558
3.6936917148078425
3.693962209358569
3.694260315500615
3.6945528191209744
3.6947522655540217
3.6950354688275056
3.6952430488558345
3.6955111242841547
3.6956692263582083
3.6958814016878727
3.696094116816646
3.696266159285599
3.6964366647682714
3.6966251298572623
3.6968084084897894
3.696995773519284
3.6971689099018987
3.697337365315191
3.6975515128008185
3.697774916178411
3.697976562427995
3.6981643692066855
3.6983557010833583
3.69851795294013
3.6987011091411843
3.698893778850641
3.6990690198795098
3.699221539239949
3.6994316523779127
3.6996549458407455
3.699822094690549
3.7000337909656995
3.7002302763524657
3.700429537366253
3.7006291964486504
3.7008195024723403
3.7010104964299066
3.7011851771612654
3.70136364611706
3.701543336447624
3.7017164730592307
3.7018929463381016
3.702058036791557
3.7022280122202256
3.702386874923476
3.7025428792177784
3.702656289394662
3.7027649146545922
3.7028774072157344
3.7030492642134565
3.703169405953044
3.703242905970947
3.703360560053807
3.7034927226326464
3.7036235583764983
3.7037531199526077
3.7038612274695684
3.7039946657990463
3.7041323539499875
3.704276651501036
3.704429664541928
3.7045445967387995
3.7046729933760996
3.704808426122227
3.7049529549869313
3.7050753125567337
3.7052395622540635
3.705357726469597
3.70547408108994
3.7056323709558208
3.7057880492962343
3.7059222276484687
3.706082957578139
3.706216515669045
3.706347823254441
3.706522802443588
3.7066294835811977
3.7067811442698986
3.706925581993453
3.7070642557965936
3.707206124068343
3.707342277024709
3.70747878077737
3.707647900656697
3.7077715929027355
3.7078640633688384
3.707995010495026
3.708136831009138
3.7082760821020666
3.7083946949974753
3.708514546111241
3.7086485136131864
3.708780266059783
3.708909905054355
3.709037527582822
3.70916322621099
3.7092689074398577
3.7093765245558004
3.709533570315685
3.7096688207524844
3.709786193935089
3.7099020936526883
3.710078237989373
3.710247231534976
3.710405020428532
3.7105672859482417
3.710688785148141
3.7108370796200676
3.7110256088096403
3.7111867948004975
3.7113233603136155
3.7114626946791054
3.7116470296429185
3.7117899258309985
3.711953727823763
3.7120978868567485
3.712237402983541
3.7123752220257304
3.712511426872578
3.7126821643907126
3.7128103371678205
3.712966482991139
3.7131111135153736
3.713286921335535
3.71341572214174
3.7135393112408877
3.713686252657689
3.7138220111161377
3.7139769658610007
3.7141501777951382
3.7142908392140277
3.7144048756951245
3.7145738586753274
3.7147234310522372
3.7149243549099977
3.7150406961516476
3.7151684142133723
3.7153114608467743
3.715439644081809
3.7156250735966405
3.7157822866948007
3.715923140974456
3.716067401013727
3.7162807681300487
3.7164307198252566
3.716564681207492
3.7167527967421012
3.7169473007218867
3.7170753131723275
3.7172070602571305
3.7174088646040078
3.717547660469772
3.7177092651056474
3.7178864637333766
3.7180444406965547
3.7182177314841445
3.7183722990693715
3.718542093764987
3.7186890505404175
3.7188543767624256
3.719020343053352
3.719167175211915
3.7193649544703913
3.7194887051661456
3.7196683274958326
3.7198242474224745
3.7200201684956498
3.7202083743911216
3.7203237228563375
3.720494679451526
3.7206428234848308
3.7208265355358443
3.720971521563066
3.721156770063802
3.7213349745478785
3.7214751010521936
3.7216554425849258
3.7218288614352457
3.72196442522995
3.722138429659874
3.7223055682719135
3.7224350178323196
3.7226047132018225
3.722767880352914
3.722892355290137
3.723109485793762
3.7232731403382266
3.723444357248729
3.7236093604800833
3.723818149748048
3.723973530676253
3.7241371157270966
3.7242947490769343
3.724495524839131
3.724644155804797
3.724800913608069
3.7250043962903634
3.7251529298961694
3.7253449583975797
3.7254897855072566
3.725674412805547
3.725826698507232
3.726019159392835
3.7261579275122134
3.7263413568280743
3.7265285089658233
3.7266614799594686
3.726874430593841
3.7270330050134226
3.7271994733628255
3.7273605404803267
3.7275138473598157
3.727713497118214
3.7278696556940236
3.7280628564028837
3.728222275375828
3.7284144740569696
3.7285704432720683
3.7287593826438825
3.7289075215164575
3.7290804243246876
3.729230483083207
3.7294090808423968
3.72954352364996
3.7296809194629135
3.7298521069241284
3.7299799014919546
3.7301034849094163
3.730284945772858
3.7304111803201168
3.7305444386272484
3.7307141267734414
3.730845235151421
3.7310100084118636
3.731132224727429
3.7312496937443416
3.7314176374895
3.7315506004947165
3.7317160880780236
3.7318438907768305
3.7320044015279783
3.73212661332731
3.7322523418604123
3.732404933158152
3.7324978406428326
3.7326492701855907
3.73280433238751
3.732905023234067
3.7330429376700582
3.7331974338346607
3.733302254050654
3.733447906828779
3.733589080073971
3.7337425265544137
3.733842089522334
3.7339785772625995
3.7341316989755753
3.7342355997311523
3.7343717372942438
3.734490598437174
3.734617844429153
3.7346885062782857
3.7348175011720857
3.734946307539873
3.7350670269184953
3.7352005905697343
3.735281447107946
3.735399359239546
3.735534331105996
3.7356647656673645
3.7357391056682037
3.7358711703247334
3.7360028974201986
3.736126555557413
3.736241240331998
3.7363455811059882
3.7364108221286143
3.736508928461855
3.736616333279358
3.736732402918191
3.736840974541301
3.736958074713942
3.737057353742838
3.7371598600257943
3.737255458613323
3.7373651764346225
3.737428727016795
3.7375466781867153
3.7376552841111335
3.73777008049248
3.7379425244968796
3.738058222172173
3.7382395302035203
3.738381705547342
3.738521615911592
3.7387184534426807
3.738917606993046
3.7390883879856873
3.73927962865111
3.739469178822539
3.7396571839264245
3.7398518544940584
3.740078835604185
3.7402601731054106
3.740435749690255
3.7406098440173094
3.7408294394478596
3.7410083181299822
3.741190103377603
3.7413576134317696
3.7415239329480303
3.7417358333121356
3.741903007302213
3.742064957598762
3.7422303730089252
3.7424032313242486
3.742608712865101
3.742769863482953
3.742926023717566
3.743127794172609
3.7432855139792434
3.743438349782177
3.7435726348006964
3.743743362341222
3.7438709453358436
3.7440407201157755
3.7442098380490956
3.744337942314547
3.7445101880407305
3.7446723821702084
3.7448391689086544
3.7449994701694225
3.74513679357205
3.74530592281149
3.7454601641746956
3.745623303249708
3.7457467249926615
3.74591235762819
3.746109204496389
3.7462280876522085
3.7463768387239162
3.746505006069977
3.7467071180127784
3.7468156637004086
3.74697373593788
3.7471257134646145
3.7472826168868694
3.747433567685278
3.7475944248122754
3.7477158914403095
3.7478601405126186
3.7480244187111498
3.7481805961844894
3.748325804767279
3.7484301356616117
3.7485970472759456
3.7487518278344996
3.748895831606724
3.7490476953129703
3.7491942508903677
3.7493371729323766
3.7494528114827634
3.7496618384327474
3.74981610856638
3.7499299270131323
3.7501367390003484
3.7502492977673385
3.7503888657417743
3.750586953445607
3.7507116735335226
3.7508591415649595
3.751009971787996
3.75114109568382
3.751333271895345
3.751495945461795
3.7516541573618927
3.7517985702763994
3.751907017524742
3.7520684400030992
3.752246168511608
3.752402118948709
3.752550761218779
3.7526399540069355
3.7528205084166006
3.7529756043295928
3.753136662684056
3.7532867986749614
3.7534164924688267
3.753563151552298
3.7537505614536175
3.753903122179825
3.754044619492409
3.7541857330211226
3.7543115157610574
3.7544566682211644
3.7546295644336425
3.754786906276027
3.754934159518759
3.7550743695060733
3.755214186464434
3.75536480371815
3.7555047388574443
3.7556760051469924
3.755831866860533
3.755977772850046
3.7561162917389104
3.7562396748207325
3.7563755114236974
3.7565431418181423
3.756701863853868
3.7568718702931623
3.7570551809286297
3.757227335453852
3.7573763460989356
3.757529061567713
