4.761387573336614
4.74832937437309
4.734194739899456
4.7189398180413935
4.702415911245396
4.684975035651811
4.666924882076943
4.6481391015485976
4.627585358994122
4.604380237629339
4.575842403164914
4.539592097020679
4.494300141650255
4.43787568580804
4.369225123660359
4.282728454887475
4.169856778462066
4.07416583125978
3.9965681394120014
3.932145757825913
3.881266055861475
3.8443813951001102
3.818164766070549
3.7977263795207525
3.7809011978210663
3.7662665577396086
3.753880326341505
3.7434830074555494
3.7338434780501024
3.7246075418115354
3.716157978536392
3.7084368120406896
3.7012545085323287
3.694558541762052
3.688473994072713
3.682965464202655
3.6779185724423553
3.6732231695781583
3.668824363821781
3.664536675652864
3.660645272345523
3.6570482631551027
3.653752084519877
3.6507118278653863
3.6479548259980734
3.645354515875679
3.643148268227303
3.641157514988002
3.639359921128859
3.6378106060973647
3.636617649767617
3.635578477628277
3.6346416948596434
3.6337306347007257
3.6328641452200596
3.632172421683269
3.631626024979936
3.6311501828042347
3.6307428946794715
3.6304510591685117
3.630284019390872
3.630102946104855
3.630030277197759
3.630017663607489
3.630212791908409
3.630504742731112
3.6308857672636767
3.6313257066265034
3.631705509926076
3.6320628670317388
3.632511974219214
3.632936436779526
3.6334231713937886
3.633973446829191
3.634563696054748
3.635151634485585
3.6357753815988896
3.6365591683465825
3.637346321255132
3.638141693053294
3.6390052948151483
3.6398791429274326
3.64079539408258
3.641764756306387
3.642853742568766
3.643895615516126
3.6449202688049636
3.645905039464856
3.6469532838027643
3.6480176828750257
3.649044018326371
3.650081121154921
3.6510873998079854
3.6518943237217987
3.6525259516824895
3.6530148213811717
3.653310498041554
3.6533708312406405
3.653376852588242
3.6534074567367907
3.6534606384749417
3.6535342305636154
3.6536200498063285
3.6537388493813387
3.653824920560125
3.653886376822136
3.6540058776577746
3.6540959498310603
3.6542653570160875
3.654464378460353
3.6547109055619065
3.6550574883084024
3.655537560789764
3.6559743690558597
3.6562736814560686
3.656682228294676
3.657141433710578
3.657583021739283
3.6580326201832483
3.658452747639821
3.658869720982556
3.6592634444489165
3.6596681274612686
3.660039212049131
3.6604920948954316
3.661046137511911
3.661588166842775
3.66212975041791
3.662581377151841
3.6629839788953404
3.663315703311953
3.6636370834908982
3.6641047063138443
3.664614653571406
3.6649918366653527
3.6653812693030594
3.665767255173416
3.666073852867667
3.6663096497817165
3.6665881087816654
3.6669082858247672
3.6670837805422565
3.6673018746419404
3.667515447894968
3.6676796162263536
3.6679722862147073
3.6682735596069107
3.668651108413573
3.6690193668876327
3.669311101445558
3.6696365424312045
3.669961766923213
3.670338426349622
3.6706984122991937
3.6710436801405435
3.671287640067074
3.671666206912996
3.671993412635175
3.6722618194635066
3.6723940987368233
3.672607600056281
3.6726778760783643
3.6728258444639716
3.6728757472368727
3.673028387584191
3.6730826135639676
3.673164541233255
3.673260885057454
3.6733942556087253
3.6734782623437687
3.6735794281504264
3.6736023779126445
3.673735877091699
3.673801302062135
3.6738391869426974
3.67394356769496
3.674117510757348
3.674222622425452
3.674284268054393
3.6743984774310103
3.6744901036349003
3.6745771745165965
3.674657686581571
3.6747459121107506
3.6748250125386908
3.674931339300537
3.675073772680305
3.6752629607415317
3.6754269461205467
3.675595431496838
3.6757933621552965
3.6759360178109466
3.676148008999101
3.676307776568783
3.676491072158735
3.67665938148658
3.6769478761078593
3.677223406783099
3.677485715963021
3.677732143285467
3.6779778834981918
3.6782159641880785
3.678457377755591
3.6787078157411446
3.6790389749991665
3.679193459011941
3.679437870848944
3.679615993276605
3.679888644285695
3.6801783202628484
3.6803785763919996
3.6805463468436996
3.680685466442742
3.6809267077134673
3.681250614776851
3.6815684414710375
3.68187100147231
3.6821664382628527
3.6823577705045754
3.6826245420101187
3.6827992202246844
3.682956871693407
3.6831308440917305
3.6833128579385033
3.6835192588273427
3.6836574001456315
3.683805145549243
3.683961889120217
3.6840887321762845
3.684229300789945
3.684382211966299
3.6844920145050266
3.6846222210004833
3.6847532504678013
3.684673815903586
3.6846757608858
3.6847244923420908
3.6848692567401233
3.6849872689647385
3.68506792276833
3.6851388918364645
3.6851827677372477
3.685205307840576
3.6852819053290995
3.685180499820646
3.6851696787504413
3.685226382556258
3.6851951148557265
3.685215302364794
3.6851768218130463
3.6851477178770726
3.6852011723671394
3.685044985776209
3.6850871375905307
3.685088318513216
3.6851496539976214
3.68512085869593
3.685086532328737
3.6851223959862973
3.685332147434079
3.685334368605578
3.685321888708474
3.6854668013390817
3.6855211617197794
3.6855329890270636
3.685580165330011
3.6856485499688385
3.685678434358462
3.6858571680191137
3.6859792896132713
3.6860819006303243
3.686255737962156
3.6864480247119205
3.6867159919057144
3.687103587825432
3.687651675667397
3.6880577796622744
3.688537392699634
3.6888339501064547
3.6892714491623426
3.6894541803900003
3.6896529940030485
3.689923745765683
3.6901249836410464
3.6901780360641427
3.690441960723494
3.690781618940178
3.691178880783601
3.691695782194655
3.692133691493368
3.6926494778324637
3.693275416398243
3.6938276359492024
3.694451367087704
3.694798555436246
3.695356444362545
3.6958606194656567
3.696356949512373
3.6966521532484578
3.697014220866668
3.6973455971581584
3.6977597765539505
3.698164777513588
3.698492693051137
3.698846833539518
3.6992227910840496
3.6995896245735715
3.69991460620602
3.7002247701729605
3.70062586809209
3.7010408095840996
3.701495900090438
3.701832440224612
3.7021737907416186
3.702516438843481
3.7028473595558555
3.7031676000791163
3.7034782741548287
3.703781411397077
3.7040158371850853
3.7042686316861477
3.704479824716186
3.704776877615563
3.7050967609096648
3.705412058972164
3.705645035851808
3.7059304910320225
3.7061349731964808
3.706408295022015
3.70664977324457
3.7069959989542434
3.707177275459364
3.7075167587669906
3.707756469627508
3.707985977783297
3.708248292759999
3.7085737806435923
3.708840710678934
3.709016987458489
3.709277377927407
3.70954591238757
3.7098275182521006
3.710068660256263
3.7103968773441296
3.7105918081135423
3.7109951292177965
3.7114250921771057
3.7117311815490033
3.7120238492458486
3.7122966470935066
3.7124920330142803
3.7127875298206066
3.7131555679950705
3.7134234836983677
3.713774802679875
3.7140042145218075
3.7143326720563423
3.7146534434156804
3.7149449632958063
3.7151854653252125
3.7154879752434935
3.7157375064028497
3.7160598408516448
3.7163660107744816
3.716649983504437
3.716937548514213
3.717310021632453
3.71756472225818
3.7178954536135054
3.718248885765011
3.718554719653385
3.718825681235272
3.719202966821076
3.7194613566437527
3.7198577207035015
3.720119923254406
3.720472479021385
3.7207774056400913
3.721147878381108
3.7214398011288927
3.721798455782957
3.722074733723046
3.722427682696065
3.722762451988387
3.7230200432108367
3.723355673658097
3.723683535861411
3.7239931055514317
3.7242256286012876
3.724641839597914
3.7249558770768343
3.725345049665169
3.7255649502980623
3.725953607630974
3.726347018403423
3.726628013337272
3.727064796393163
3.727282530187833
3.727655481246395
3.7279538079039343
3.728250960690376
3.72862088165915
3.7290134416716074
3.7292855547131762
3.7296625055004813
3.7299086927989236
3.730251947928173
3.7306122080029938
3.730891101755559
3.73123089640239
3.731576603584733
3.7318425789266043
3.732156098630285
3.7323885621998527
3.732576364166932
3.7328814715561474
3.7331922634021004
3.7334030034755608
3.733695524846617
3.7339777992917162
3.734283659524262
3.734464529810049
3.7346955107145434
3.7349611773817104
3.7352179349550614
3.7354587264432157
3.7356299509865
3.7358837576128887
3.7360762108666568
3.73628049549663
3.736481279676822
3.7366707438275664
3.7367963144177248
3.73701662865147
3.737266885735373
3.7375513643852796
3.7379191120897826
3.738279185557263
3.738615064302332
3.739013618044418
3.7393862021688102
3.739752274122262
3.7401287910027814
3.7404849207787767
3.7407642312443556
3.7411106027944148
3.7415495940857557
3.7418839268562656
3.742206480601699
3.742517448398373
3.742903164910871
3.7431865110835707
3.743453665415835
3.743775181367835
3.7440296161545246
3.7443547219794184
3.744615629241592
3.7448790359961737
3.7451980922721377
3.7454704506498553
3.7457997649851107
3.7461053275868705
3.7463702178121863
3.74677360635197
3.7469884605449195
3.747302054523006
3.747602672040071
3.747895794636673
3.7483051267149134
3.7485622312952187
3.7488605473329413
3.7491807591547137
3.749513450134984
3.749835536354802
3.750155244844923
3.750446007602604
3.7506644044602533
3.7510680303879624
3.751388051113627
3.7515932843693034
3.7518872938283976
3.7522201567968905
3.752529332687217
3.7529004497962597
3.753108003677605
3.7533696946041766
3.7536696440252704
3.7540155824109314
3.7543288395150443
3.754621207169514
3.7548984953460502
3.7551207814798504
3.7554633170189473
3.755773712554672
3.75606356191351
3.7563132627157256
3.7565971277405614
3.7569609784738
3.75725547949277
3.7575286281592124
3.7578010125024752
3.758068935498379
3.7583869115792714
3.7587589556073877
3.7591063660192825
3.759351411343748
3.759662585716643
3.7600197687997925
3.760384395457516
3.760716984499527
3.7610452199695743
3.761316138850348
3.761626906963223
3.7619039231128366
3.762157496326084
3.7624210036564585
3.7627543024373593
3.763073389204737
3.763366687355656
3.7636675754948867
3.7639396349699976
3.7642814801315874
3.764576749250037
3.76492390963725
3.765176141370489
3.7655222609111343
3.7658532488937166
3.766121498575801
3.766493912383806
3.766833862333882
3.7670820798446325
3.767387507409803
3.767714668936425
3.768028252976893
3.7683269951927802
3.768624224073487
3.7688817068678633
3.7692131463076253
3.769519061395293
3.7698107515468324
3.7701014448790846
3.7703912235017274
3.770760244156786
3.7709970362965892
3.771306199457785
3.771603283512948
3.771886817343318
3.772169855232171
3.7724752339996774
3.772701966145127
3.773007462608331
3.7733012742024483
3.7735818535969754
3.773862125394748
3.7741695909499096
3.7744883911756357
3.7747317530146334
3.77508450455011
3.775390531496876
3.7756508803863245
3.775997177802741
3.776297532561495
3.776552828913631
3.7768938915597614
3.777167454016854
3.777484082100764
3.7777451522111716
3.7780251378897964
3.778386515732721
3.7786389227165693
3.7789197620418875
3.779219596653133
3.7795835994977196
3.779819137103324
3.7801466893490048
3.7804503373223044
3.7807447775996263
3.781027386183925
3.781300934122305
3.7815926177976062
3.7818761245754833
3.782150463020633
3.7824525432897063
3.782730261926919
3.7830017351968173
3.783309858802933
3.783584827936306
3.7839113060057903
3.784208254276196
3.784551711852529
3.784854453516219
3.785168951220133
3.7855196533411966
3.785808564739583
3.7861244773373604
3.786407339560874
3.786711059234959
3.787052277304989
3.7873327736731013
3.7876404629564306
3.7879156932756866
3.7882119031390245
3.7885317856049343
3.7887829048822783
3.789056458251945
3.789359811058864
3.7896598198592524
3.789949542106102
3.7902643553376323
3.7905100401816485
3.790774535905085
3.791071900594138
3.7913867509173174
3.7917111580972462
3.791970911873888
3.7922303604401915
3.792522994993916
3.792848232157348
3.793145178729536
3.793426443367248
3.7936546884196884
3.7939589578048123
3.794250311705146
3.7945296482033997
3.794800450786329
3.795074806396405
3.795360859804478
3.7956298065300547
3.7958808355136044
3.7961496326037563
3.796458327898034
3.7967364231834226
3.7970010832812178
3.7972774435981775
3.797596877508957
3.797845732350551
3.798102777150613
3.798345561455798
3.798659006744832
3.798950136458637
3.799213096280647
3.7994731184402513
3.7997654823476394
3.8000570048894855
3.8003204281632867
3.8005494232801955
3.8007931221681286
3.801090838090559
3.8013753756294566
3.8016266555111278
3.801916131221579
3.8022023021580043
3.8024561997274184
3.802731145723901
3.8029931017127643
3.8032675484610894
3.8035845345942128
3.803844578253374
3.804156498622698
3.8044732503150214
3.8048302402738465
3.8050871795301746
3.8053368332574453
3.8057534336031593
3.806019798511886
3.8063416704186768
3.8066275514236265
3.806929285953344
3.8072187963831388
3.8075390362276043
3.8078639635955986
3.808097278548795
3.8084782641455925
3.8087665990309447
3.8090477140793273
3.809322383253521
3.8096944598093385
3.809966058703826
3.8102685751841743
3.8105944119639834
3.8108649154920706
3.811235460749642
3.811498371403111
3.8118207941504694
3.812086063161848
3.8123904393401573
3.8126260554344067
3.8129066674789955
3.8132080021044006
3.813512275225492
3.8138198790799636
3.8140864711961893
3.814324070180132
3.8146532759557323
3.8148722360291116
3.8151250939340087
3.815435400281703
3.815723103464026
3.816048374201721
3.816365850405027
3.816634760148423
3.8169266518361638
3.817191321574867
3.8175139613641678
3.8178124695608893
3.818116349804114
3.818396939234474
3.8186408417982896
3.818984843226305
3.8192006920071884
3.8194996525336853
3.8198004029682524
3.820102136514825
3.8203353690881783
3.8206741561037405
3.8209735411085335
3.82128979581184
3.82156318999511
3.821857684790854
3.8221687990101434
3.8224077911763414
3.8227352385816347
3.8229822284147335
3.823250371299172
3.8235788252779606
3.8238647139117727
3.824148243751912
3.824434678128313
3.824708890307809
3.825021640342561
3.8252674494246053
3.8255253386262047
3.8258218689211083
3.826072941332569
3.8263625777869748
3.8266898232076527
3.826913936157974
3.827193878937011
3.8275134819839804
3.8278206071289205
3.8280680492635537
3.8283733292246835
3.828613712506939
3.828929955338608
3.8291395527666396
3.8294646077535703
3.82967313880285
3.8299248157133943
3.8302165322755095
3.830448522950099
3.8307667061529833
3.8309953731630317
3.831270637212943
3.8315334768247413
3.8317732247244134
3.8320715381546884
3.8323030817283357
3.8325463089043583
3.832850987135118
3.833092743518301
3.833337810880407
3.8336704039402036
3.8339244586165546
3.8341322373767373
3.834444877899349
3.8347145960188667
3.8349412098257636
3.8352623575059064
3.835514878629684
3.835769546295015
3.8360124947709506
3.836285592086779
3.8365806669242843
3.836849339184541
3.837096399244373
3.837359633266042
3.837687523830321
3.837937941703091
3.83819852205324
3.838508492001603
3.838836652474805
3.839084140362724
3.8393185711287448
3.839625281245833
3.839947597999918
3.840227543002396
3.8405335174024526
3.8408430159630766
3.841074068198847
3.8412703795436745
3.841589609190925
3.841891659471183
3.842162961209863
3.8424789646075186
3.8427353112994567
3.8430129386712384
3.8432938293624725
3.8435667328088816
3.843846150441714
3.844070967437477
3.8443744039706362
3.8446246645192566
3.844905864648223
3.8451838006572694
3.8454763564755945
3.845737895095085
3.846020719357827
3.8462126214337777
3.846505770402682
3.846782737431714
3.847073983752291
3.847334379910308
3.8475873559927867
3.847861508859683
3.8481156177808398
3.8483650721718674
3.848651072690169
3.8488715976834995
3.8491371088062465
3.8493924124920182
3.849642959850742
3.849914567961403
3.8501761830365955
3.8504354077324154
3.850679699671743
3.850938692900295
3.8512042479664528
3.851414788640525
3.8516526104296456
3.851922914125991
3.8521630627470524
3.8524206736081834
3.852692715685865
3.85293134391077
3.8531893977693468
3.8534618930458993
3.853700980600017
3.853959449451205
3.8541958821301647
3.854430855982852
3.854684777007374
3.85495086198803
3.8551962469762495
3.8554771708619437
3.8557234595163705
3.855991338565438
3.8562549082264064
3.8565021440646348
3.856745446798155
3.8570075584317594
3.8572506630618886
3.857507965024267
3.8577804839241745
3.8580088022558896
3.8582447720667994
3.8585016966715187
3.8587751121039533
3.8590391170468856
3.8592651824332944
3.859505550108277
3.85978282229156
3.8600767207245457
3.8603055416318997
3.8605450750497576
3.860781196871509
3.8610471317676436
3.8612806759574765
3.861540504404535
3.8618062192943468
3.862039595351956
3.8623251225428974
3.8625480989824355
3.8628049577785872
3.8630492439726254
3.863314517592003
3.863527077312662
3.8637999420295257
3.864051671559739
3.8643240423176115
3.8645334793533546
3.8648235100542077
3.865078965224266
3.8653516516988167
3.865608992716828
3.8658860502855665
3.866179403931489
3.866452895225857
3.8667454681947073
3.8670584462127624
3.867325914561505
3.867599150728914
3.867900217490695
3.8681465277094262
3.868461907074001
3.8686986729987765
3.869006373075838
3.8692659845096395
3.869571483479346
3.8698176800783566
3.870151790974245
3.870392711425838
3.870723826904454
3.871030085799131
3.8713369637477393
3.871687787958462
3.8719839966002683
3.872307511666556
3.8726699816170838
3.8729992623734373
3.8733279751867262
3.8737641357211587
3.8741441278232998
3.87465228856764
3.8751324948629526
3.87573436362522
3.876319910661967
3.876830772397798
3.877436109370211
3.8780361076303906
3.8786643566157495
3.8792877774918244
3.879900297015848
3.880510966872118
3.8810978987494407
3.8816821775283823
3.882234952431577
3.8827701685908145
3.8832488931594082
3.8835757153639014
3.883872103325389
3.884165787917414
3.884404426808018
3.8846591404659865
3.8849066515736337
3.885090702641151
3.8853235793717684
3.88555306457355
3.885742653196187
3.8859690880619326
3.88617866674757
3.8864030253864814
3.8866079784552077
3.8868503911605625
3.8870521352826377
3.887288581207658
3.8875594216945615
3.887784685460133
3.8879892895593806
3.8882629647284945
3.888497418794677
3.8886806902462467
3.8889307756905525
3.8891578300357232
3.8894097346156533
3.889610441659157
3.8898871142701674
3.8900678249071157
3.8903198954175067
3.890539839409588
3.8907941834040836
3.890997231863308
3.89127565306424
3.891458223821737
3.89171158553376
3.8919328953180012
3.892187919512442
3.8923718448814992
3.8926400213728067
3.8928563162434187
3.8931035044057527
3.893288674767347
3.893526802590377
3.8937409512447867
3.893999913052723
3.894204819405112
3.8944501521427384
3.894689592387276
3.894918131709761
3.895107790825557
3.8953926905016205
3.8955926546016504
3.8958478921279633
3.8960774622739236
3.896346544849078
3.896550508865114
3.896793780003263
3.896992482454542
3.8972420184311622
3.8974682948061172
3.8977496013564124
3.8979805130354825
3.898237243852237
3.8984876222713374
3.898699221170169
3.8989139147624834
3.8991514562384824
3.899394187084952
3.8996434473064867
3.8999039024335027
3.90013187792355
