4.381774431208479
4.381395954306188
4.3809656550381115
4.3807006296044735
4.380274501496548
4.379978136805089
4.379560431510168
4.379199185689751
4.378802132370507
4.378439348914514
4.378128908010077
4.37781595691069
4.3774038588727935
4.37706649008876
4.376659680190183
4.376329279837867
4.375965327780848
4.375581593145561
4.375307144852083
4.374969824591008
4.374631222580641
4.374321878970991
4.373964012821459
4.373636922151772
4.373286234826051
4.372967999002275
4.3725608255177395
4.372264889501445
4.371874170950916
4.3715485501513065
4.3712184384378086
4.37093042510905
4.370579415512755
4.370238023505179
4.369914057325604
4.369588777097358
4.369315991898719
4.368953214346257
4.368635168782555
4.368298026610579
4.3679560249176665
4.367652965832627
4.36739041740554
4.367059630953075
4.3667998372616985
4.366549562300674
4.366215324467716
4.365835509957981
4.365567930142275
4.365326709176662
4.364999108823157
4.3647356575678025
4.364412646017446
4.364104173197623
4.363826919015182
4.363503019275364
4.3632823304385
4.362939892228906
4.362668357626259
4.362427112622108
4.362105087683712
4.361842919601594
4.361506732880425
4.361135526694332
4.360900099185475
4.360603655950627
4.360298751394211
4.360058372461808
4.35978791702704
4.359458061698645
4.359227366385475
4.358918338470496
4.358593692633358
4.3583093917129565
4.358035084674738
4.357728241305699
4.357531563192336
4.357198577345875
4.35697141285284
4.356708057681415
4.356527129463342
4.356167289706207
4.355885128102161
4.35564922039823
4.355424169097861
4.355137040281306
4.354890101113844
4.354616382233762
4.354351641003608
4.354094548161894
4.353798852980758
4.353462968848403
4.353253209511521
4.352956312577917
4.352643169338084
4.35232035836867
4.352061200508971
4.351788057962334
4.351542246407693
4.351208757335299
4.351003961069752
4.350774002924835
4.350466824072147
4.350245416467765
4.349904706368794
4.349667765902805
4.349407182217543
4.349056652028243
4.34880077182469
4.348616763253753
4.3483554328901155
4.348031637189082
4.347776309534438
4.347474320689675
4.347241728792877
4.346918683661267
4.346662748536608
4.346369301684674
4.346057960702309
4.345798640956232
4.345502695821676
4.3451899958178615
4.3449064733709735
4.34466699333351
4.344289880893646
4.344095001061537
4.3438242600256896
4.343507286131655
4.343212063353737
4.343030235051448
4.34266456611861
4.342419587053309
4.342129666525837
4.34178790365569
4.341510896184125
4.341284503232386
4.341014955377299
4.3406257687185406
4.3402862120378485
4.340102161856266
4.339689186774871
4.33939137205911
4.339122437187609
4.3387308361021875
4.3384285252533745
4.3381342881538
4.337802359851103
4.3375579063700025
4.337181016183483
4.336843020398571
4.336546288298104
4.33613680983915
4.335809643862157
4.33546923975661
4.335201485994487
4.33477981292844
4.334434523012873
4.334168172336552
4.3337998368066755
4.3334989706249285
4.333170690975189
4.332796756853852
4.3324519884341255
4.332104528194094
4.331836410643518
4.331447932753065
4.331049592642802
4.330691585702473
4.330418004048247
4.3300272759038165
4.329710546768821
4.329315412010871
4.329006015527894
4.3287057867672525
4.328329785266237
4.327964552303326
4.327675013450849
4.327280608200946
4.326918682373343
4.326549157038802
4.326212051588025
4.325824131013872
4.325411205785491
4.3251386633428615
4.32469887640271
4.324354404891592
4.324032478553241
4.323603138955492
4.3231890297051
4.322880071906054
4.3224793720654
4.322134619443888
4.3217221882100265
4.321331284182455
4.321041998941342
4.320542552386106
4.320223342345517
4.3197616999185895
4.319349908082668
4.318957475232068
4.318585954649861
4.318213211054657
4.317840431212408
4.317454852997442
4.31703309641152
4.316661450353634
4.316221172393097
4.315902936862339
4.315460632249876
4.315033978095219
4.314674815493818
4.314314657962589
4.313902466938414
4.313451603523557
4.313134420248593
4.312674678184493
4.312269281450194
4.311929869349058
4.311439240204339
4.31115005380776
4.310639749961274
4.310282730661743
4.309863891425258
4.3094618861720475
4.309144122250484
4.308709623231451
4.308302414926074
4.307922187379741
4.307516443815588
4.30718572757628
4.306745729776759
4.306351379162371
4.305987532784684
4.30557063859833
4.305172744843018
4.304789368498265
4.30441376945301
4.304113617077869
4.303688864113282
4.303344824065158
4.302856757263119
4.302514986338514
4.302155805944704
4.301742859471878
4.301394860572188
4.3009895455024925
4.3005460505937885
4.3001497231372685
4.299801496059209
4.299388843279953
4.298969732636432
4.298615045383616
4.298155793604683
4.2977900998605145
4.297360901754488
4.297051209004846
4.296682057324438
4.296252101639919
4.295926595167899
4.295699596699349
4.295300328023837
4.294902340442489
4.294550173340026
4.294151619670899
4.293717986687966
4.293431056391478
4.293045807251823
4.292627428906855
4.292242945527985
4.291810449082307
4.291491403073971
4.291070383935162
4.290760537232339
4.290247028271092
4.289831284347099
4.2894827142179
4.289059963841098
4.28864497581865
4.288300283855372
4.287855279893045
4.287571892087937
4.2873018878756755
4.286891377166989
4.2863905242353555
4.286148088935963
4.2856718136144965
4.285337954956076
4.284958563248737
4.284539348021552
4.284185179749674
4.283854381860837
4.283438698298078
4.2831105471563236
4.282675392018269
4.282324576082734
4.281950742570404
4.281603898387163
4.281321289032701
4.280893151380147
4.2805879409536765
4.280169172170648
4.279805474698966
4.279436157905926
4.27900536128404
4.27862446884978
4.2782885298108315
4.277998123412174
4.277642003119976
4.277399687522891
4.276958294306246
4.27676462841531
4.276288566930874
4.275932081833827
4.275617544136457
4.275150414145388
4.274817489017482
4.274387009079024
4.274055387674549
4.273717556022706
4.273345671507651
4.27298787029888
4.27262501882441
4.272212793340136
4.271832795543419
4.2714125101339455
4.271091727602979
4.270644944673067
4.270343891503258
4.269913017733281
4.269577699658131
4.2691684111368255
4.268807446909499
4.268351037712628
4.268014713657629
4.2676222621486
4.267277110933434
4.266920185403637
4.26651135046323
4.266173723517165
4.265751075956428
4.2654140190857674
4.2650211813890655
4.264666153241861
4.2644101461235335
4.2640673473994415
4.263715573453938
4.263318750898703
4.263071315006166
4.262774572948131
4.26236327410296
4.2620272312341605
4.261717433906919
4.261466389528905
4.261109043892914
4.260833415562328
4.260477452095111
4.260142970401341
4.259700765999959
4.259315136394206
4.259018184040703
4.258574514830512
4.258214465754117
4.257907869422993
4.257468029381581
4.257223723711845
4.256843607473142
4.25642446670472
4.256057070811837
4.255701864415396
4.255312589686425
4.255067542670721
4.254648723171228
4.254283575110135
4.253949515851074
4.2536867618448
4.253282286945113
4.252923412266777
4.2525522473288415
4.252221494879744
4.251823632027814
4.251451010869888
4.2511122598866
4.250773321209232
4.250409365027929
4.250051935071172
4.249710546211424
4.2492996964913985
4.2489475333332685
4.248672591050079
4.248318688821355
4.247949523293171
4.24765278077629
4.247297029932549
4.247077172704738
4.246762485165777
4.2464543467595925
4.246221452008957
4.245918320748098
4.245637801122398
4.245341980029575
4.244876917662897
4.2446167785701485
4.244339104619273
4.244076351040837
4.243739201353362
4.243412155535954
4.243002277463736
4.242761852430388
4.242358924264199
4.242151672000373
4.241756833355475
4.241464892744355
4.241256469163691
4.240976626707402
4.240691080401935
4.2402706180638035
4.2400364716034264
4.239591574593522
4.239384965379171
4.239078603897289
4.238667528260551
4.238255580336117
4.238014763272396
4.237544559825449
4.237261812953999
4.236921694293481
4.2365689134789735
4.2362289181157315
4.235783120851386
4.23534074277556
4.234942699135236
4.234487309454694
4.234110631657229
4.233762526970679
4.233510656896086
4.233140842380497
4.232713764890501
4.232348638876692
4.231905997805264
4.231491983899131
4.231207399117961
4.230752395961739
4.230390751247727
4.230119991446821
4.229670563881183
4.229183939141317
4.228827953636833
4.228429901088704
4.227936762799898
4.227407495034144
4.227024434699168
4.226609743398354
4.226163596483722
4.2257968157260075
4.225382047991356
4.2248863818988225
4.224440968775265
4.223938337399777
4.2234426613279075
4.223011353813602
4.22241707757338
4.222029289309549
4.22158162261527
4.2210873087172
4.2205728191861205
4.22006432813623
4.2195618080909725
4.219080770357933
4.2185451986422144
4.217974372478564
4.217479566511299
4.216921279407875
4.21644195576267
4.2158958243940035
4.215418787659639
4.2148415349495245
4.2142747369365905
4.213793617026036
4.21327930454542
4.2127561327029746
4.212204391791857
4.211655351381093
4.211143404058297
4.210664333631365
4.210149424953967
4.209644514986265
4.2091826816086675
4.208754457527292
4.208201354509497
4.207723203826662
4.2073637021230015
4.206869773198893
4.206422931846751
4.205992682571162
4.205477203356635
4.204995350594926
4.204507014426777
4.204071834032721
4.203523245542983
4.2031131070662315
4.202677369476519
4.2021819115413335
4.201677073619135
4.2012431880541765
4.2007480237397505
4.200444965646452
4.19992953760017
4.199452788730823
4.198921229931682
4.198579134855409
4.198097192683534
4.197743384410311
4.1971715655526785
4.19667298505919
4.196214852787388
4.195725313423291
4.195320117413044
4.194781277140546
4.194427744788307
4.193831088544639
4.193250031825266
4.1928443826371256
4.192398811232364
4.191910120304411
4.191403906371304
4.191054018866221
4.190444302981658
4.189994952777769
4.189453529586884
4.188964898647957
4.188564312780415
4.188056337957428
4.187549995355325
4.187140514704612
4.186636873167694
4.186173208002491
4.1856282715529085
4.1851684677965055
4.184707444336198
4.184241860928707
4.183745086703414
4.18333489368434
4.182835600651741
4.182313747545746
4.181859423701477
4.181446625679466
4.1809613571892665
4.1804446438815805
4.179977405660779
4.179542479420557
4.179018592632955
4.178526882740297
4.178105653508817
4.177648885557826
4.177157140704953
4.176788242850647
4.176333490327239
4.175915684259661
4.175418668582379
4.174928339592537
4.174486815886918
4.174056748960392
4.17364849609791
4.17314521344127
4.17270475485651
4.172254738467847
4.17167762021495
4.171371871464488
4.170841416592283
4.1705074383925576
4.170103469183859
4.169695921459836
4.169158905312769
4.168809822679976
4.168269043752806
4.167817122688617
4.167447438885926
4.167032489673941
4.166567646348739
4.166115126588887
4.165674340448539
4.165237773556257
4.164762407786821
4.164341063747435
4.163897150880272
4.163482545050896
4.1630021054882675
4.162580653364009
4.16208094243067
4.1616635378325855
4.161156502627564
4.160700705208084
4.160342582554069
4.159936415575996
4.1594695873343115
4.159035133117612
4.158663851984785
4.158123102739913
4.157747918333587
4.157319548324662
4.156899388533306
4.156468095155691
4.156081644138873
4.155680220248163
4.155217155137175
4.154782893179588
4.1543802727180825
4.153910209913877
4.153515173330972
4.153148490808934
4.152717256340882
4.1522856321267465
4.151857070768912
4.151456176271428
4.151112619498806
4.150675447379117
4.150318801357
4.149835556971122
4.14940618399555
4.148996960795882
4.148677555250381
4.148281778159324
4.147960118318912
4.147552858297451
4.147059717622335
4.146656351686466
4.146425340156687
4.14598804733556
4.14554623370373
4.1451649805930355
4.144870609746893
4.144365884571468
4.1440144191526445
4.143530019785247
4.143148049054258
4.142831722884051
4.1423612561413465
4.141962319412192
4.1415805832024715
4.141110630980646
4.14084897360028
4.140397506328745
4.1400211734412125
4.139634957705152
4.1393144938969915
4.13894780943214
4.138552173533026
4.138163754307974
4.137722638240888
4.137367026578525
4.137044740965691
4.1365554310323915
4.136180525104658
4.1357891792370385
4.135436355274358
4.1350348766792155
4.13469561047523
4.134321439390503
4.133832336345318
4.133562891828611
4.13311509948202
4.132816638279225
4.132526899385601
4.132041571447925
4.1316756864498165
4.13129715300159
4.13098171648664
4.130664932735732
4.130275238131028
4.129900772734675
4.129434401372829
4.1291092396368745
4.128858048954852
4.128382807998245
4.128004307363332
4.12777244213787
4.127404276474389
4.127027598375255
4.126710078557987
4.1263313196556535
4.126011856505289
4.125704487287633
4.12527194527843
4.124906085928988
4.124611682298776
4.124181120996417
4.123828377673109
4.123420029045946
4.1231029609805905
4.122800279799277
4.122402051923423
4.122075079497216
4.121847755588112
4.121465052678497
4.121128126122977
4.120782770385042
4.120401979351851
4.120042643349941
4.119657723837671
4.119322420056418
4.1189268281666305
4.118637754370602
4.118270345172148
4.117889750787551
4.117597090525129
4.117289907616831
4.116970323939752
4.116552417875629
4.116239400885953
4.115844173978206
4.115496827889783
4.11509892250456
4.114789673789671
4.114441714120917
4.1140958401512355
4.113813271882636
4.1134576040702875
4.113047631510777
4.112757475523873
4.112308776104836
4.112079778358442
4.11168439726624
4.111382033497452
4.110930544019533
4.110581871778522
4.110201781152918
4.109910953698799
4.109584962272024
4.109270045296616
4.1088451282393486
4.108477545110035
4.108070587041868
4.107727621040838
4.10735842547567
4.107057429431862
4.106609855226131
4.106254875320823
4.106031992048545
4.105543706684555
4.105173997405766
4.104844568198053
4.10449978314851
4.104011978570763
4.103822173361867
4.103369777224691
4.103109504945708
4.102808422117263
4.1024333649245275
4.102079519752312
4.101664445760545
4.1012643613196325
4.101024708721529
4.100616945797226
4.100236787880482
4.099929691296503
4.099671681768727
4.099237756013485
4.098863980577042
4.098566819954165
4.098186314363122
4.097845196251529
4.097405985249713
4.097118524328525
4.096839699581779
4.096405260702443
4.096124246961386
4.095845320214482
4.095329977670038
4.095041338535461
4.094674348469459
4.094365593440449
4.093982586717744
4.093709200637501
4.093345150411875
4.093082607342251
4.092749171146006
4.092407373087587
4.092039508435268
4.091777805285708
4.091367468159233
4.090920857056781
4.090647001494814
4.090268688918006
4.089906274652221
4.089557879990301
4.089307744712984
4.08884843230006
4.088526081680988
4.088170026601898
4.087868377520956
4.087554970391789
4.087136919721352
4.0868679449285334
4.086393656644474
4.0860227913219545
4.085682561851411
4.085410862537175
4.085032948611544
4.084680459298431
4.084333755366033
4.0839272681591785
4.083583524711505
4.0832969721281325
4.0829929629828285
4.082508226102582
4.082293136044451
4.081967441302066
4.081648717370163
4.081273591679302
4.080972224623239
4.080565585591492
4.080326254225548
4.079936469432398
4.079757769068922
4.07937749796326
4.079076161862533
4.078613153764282
4.078396614097142
4.078075525068431
4.077716219676672
4.077412393471509
4.077076169478122
4.0767757263679805
4.0762886677739605
4.076102718991679
4.075790722404949
4.0753878439835844
4.075154456576662
4.074727939513396
4.074508161417967
4.074057936358566
4.073763005202369
4.073469693122165
4.073196498932788
4.072892051815256
4.0725055625193125
4.072116986380931
4.0718882769656926
4.071573688055567
4.071241906317413
4.070908148438876
4.070507421519718
4.0702628638626255
4.070011139325148
4.069667328617095
4.0694269213980805
4.069025347494766
4.068717728253217
4.068387035260398
4.068077175778253
4.067919632520174
4.067501197878284
4.067172804060064
4.066882504024142
4.066633983156014
4.066324915355371
4.065985277467204
4.06559379219754
4.065285906958029
4.065054113458374
4.064814974061526
4.064517208466404
4.064245345946747
4.0638353612727505
4.063614845546563
4.063240815012614
4.062908725934696
4.0626426355420655
4.0622949546674185
4.062062740376303
4.061671354370925
4.061544330746175
4.061106598233087
4.06087415869879
4.060558267452813
4.060344711404933
4.060008464607855
4.059662181953988
4.0595094756905
4.059206882703493
4.058960165500566
4.058628798781064
4.058400307410521
4.058108599758225
4.057798040591586
4.0576180765748235
4.0571731847862145
4.05701670448049
4.056735432945982
4.05653767260248
4.056144063740261
4.05589874093232
4.055570666715944
4.055367722720927
4.055056979984386
4.0548464620920255
4.054530384354547
4.054181257474893
4.053930995666755
4.0536539958775135
4.053487873397587
4.0531477688875235
4.0529341670362475
4.052682649781307
4.052341715008716
4.052040887964922
4.051813467000825
4.051620014608691
4.051244306592434
4.051069439752364
4.050764960120712
4.050375554498098
4.050090982617609
4.049872454576311
4.0494883085225775
4.049345879610535
4.0490490586324865
4.048778768749093
4.048527113417999
4.048215530815555
4.0479554945152385
4.047665328845841
4.047358361063861
4.047101840506206
4.0469618756781
4.04658356244329
4.046377520871909
4.0461347012456566
4.04582685865943
4.04563775644999
4.045367863662621
4.045135664478236
4.044806797387753
4.0445392646885105
4.044197626354136
4.044056493929757
4.0438243520346715
4.043548175911826
4.043298721822292
4.043077970006304
4.042733092965647
4.0425079256376915
4.042208812046134
4.042055414596244
4.041646152281122
4.041424139824607
4.04128097120668
4.040945448258714
4.040609801180732
4.040364884695652
4.040120385436844
4.03988485961243
4.039683073804102
4.03944999755047
4.039151956948816
4.038881213999752
4.038582294696564
4.038290871555533
4.038128023535437
4.037880230665997
4.037512141720006
4.037222006309359
4.036966773565079
4.036656508458049
4.03641839521892
4.036199959387351
4.036012975778656
4.035774169948509
4.035478430839111
4.0351241609834005
4.034998607331114
4.034698864457328
4.0344474419626595
4.034161855422949
4.033882253827635
4.033686470424685
4.033406072211178
4.033231466527979
4.032882959957532
4.032618487192078
4.032361536412112
4.032089171668672
4.031845912245278
4.03153342265887
4.0312981899679965
4.030999969275736
4.0308564503643804
4.0305013834899635
4.030315340027903
4.030056624017364
4.029862837185722
4.029600751033666
4.029423286472114
4.0291651675286
4.028855430938797
4.028698036565991
4.028405458101955
4.028252094241979
4.027885761449027
4.027691990205519
4.027402442287466
4.02717515321099
4.026932106702895
4.026660610866335
4.026497231142291
4.026271387753856
4.025979658390553
4.025818782513594
4.025494961884143
4.025240850022331
4.02507057374277
4.024725049732987
4.024586785472147
4.024333360822331
4.023987919828402
4.023734645003718
4.023570015314778
4.023383437703414
4.023159376774389
4.023033061676099
4.022621801218792
4.022551473987773
4.022246341394526
4.021919981635662
4.021738822226905
4.021508488444828
4.021328890895748
4.021104049187962
4.020901211453079
4.020621712105972
4.020420109576356
4.020198199939348
4.01991004419103
4.019792734868662
4.019491654093835
4.019236832950588
4.019116714539472
4.018924475786735
4.018729550532237
4.0184339141657075
4.0182333606360485
4.017984935008635
4.01768472825332
4.017481297158798
4.017456181577294
4.017210109851932
4.016910532357938
4.016812205953743
4.016464234383999
4.016366160732514
4.016054426134294
4.0158636450681975
4.015629176603292
4.015374403565188
4.015201654849793
4.014938827370744
4.014701433636856
4.014374202388116
4.014118027538994
4.013858025828396
4.0138284775744655
4.013561720781039
4.013270047676932
4.013034034552607
4.012858720413926
4.012729202835788
4.012467597865968
4.01224486850727
4.011954604102924
4.011744307669095
4.011672466554547
4.011353453206245
4.011139606091538
4.010983679878402
4.010679822102582
4.0103677185893325
4.0102493812596745
4.01005848429577
4.009776459949565
4.009629100242765
4.009359898332442
4.00905238743115
4.008823113949863
4.008799787884565
4.00856018698562
4.00845407549428
4.008127827093835
4.00798587467841
4.007762845006295
4.0076693917463855
4.007258695222253
4.0071540168253295
4.007126188519617
4.006782844997007
4.006567181626606
4.006406989242491
4.006208229160801
4.005975162564076
4.0058260235982175
4.005692181625651
4.005470348263634
4.005273266909406
4.005092436753893
4.004821367915737
4.004556613733138
4.004432201601713
4.004263860000472
4.004032200572838
4.003861464238795
4.0035902043593925
4.003443934242518
4.003300898426279
4.003091436678735
4.0028601366083665
4.002717671803203
4.002692513992994
4.0023884980645645
4.0021906287303715
4.001882781312969
4.001884587196735
4.001679258280793
4.001428081159694
4.001404165944116
4.001129895744592
4.001012691756802
4.000911789433115
4.000607732475217
4.000293271984422
4.000338772865572
4.000107818169947
3.999874809821828
3.9997479682083377
3.9995969432319995
3.99941419270871
3.9991998973022342
3.9989956306576815
3.9989045564417163
3.998638829497324
3.998605396426474
3.998297033294007
3.9981278174115946
3.997981841924813
3.9977441387762394
3.9976035801981262
3.9976050918165518
3.9973924291427596
3.997209332219725
3.9969838764734864
3.9968687549862714
3.9966401157924567
3.9964371397948573
3.9963863286260066
3.9962149180411766
3.9959652760463786
3.9959209085898895
3.9956402635634842
3.9955394834944125
3.995517807269232
3.995243943599658
3.995107716494802
3.995021895081172
3.9948879209612147
3.994770605305329
3.99450931074771
3.9943344791829665
3.994141967263964
3.9940444187849087
3.993916775378702
3.9937585902046253
3.99360151211831
3.993436795052052
3.993252114068041
3.9930483483922052
3.99287442790852
3.9927302888892666
3.992570197263404
3.992365804774847
3.992236487467884
3.9920488039326
3.991884226905717
3.9916912812395196
3.9914992380678727
3.9915185718482515
3.991218917501553
3.9911037068826993
3.990919428383122
3.990784055043999
3.990594144754794
3.990431434286197
3.9903549318637954
3.9901629049578102
3.9899352589211174
3.989877230227672
3.9896164581441105
3.989538195444773
3.9893164144858835
3.989101350485209
3.9889483855720282
3.9888019452876593
3.988688795305775
3.9885144192892907
3.988408878111517
3.9882510556612507
3.9881789829780088
3.987958103485185
3.9877094432129097
3.987593422770501
3.987521978231954
3.9873475103225675
3.98722980156659
3.9870516496180124
3.986863173887976
3.986736438052537
3.9866258896240683
3.9864201283209497
3.986280018274747
3.986199566700835
3.985964266690987
3.985998708134549
3.9857130226039392
3.9855329852992805
3.9854551950739983
3.9853396015825533
3.9851852452181826
3.9849987160439895
3.9848239342769602
3.984588760349841
3.9845299547667077
3.9843797455864656
3.98423654458373
3.984153979817847
3.9839830497008717
3.9838197298731055
3.9835428024845205
3.9835461376834767
3.983423798251351
3.9831914885284894
3.9830895303481193
3.9829187019416086
3.9827528626541238
3.9826600145707585
3.982489753211963
3.9824046316791963
3.9822110318810897
3.9821494342317223
3.981976475041089
3.98174446297596
3.981637419295214
3.9815394827412787
3.9813943613529053
3.981289212035106
3.981055628772123
3.9809677153007637
3.980840973844326
3.9807108132332334
3.980597359291499
3.9805445183603547
3.9802813795907825
3.9802111764040395
3.98002664615328
3.9799452500618338
3.9797486251517658
3.97967306226892
3.979615314730914
3.9794189240545355
3.9792484077033117
3.9791631536396257
3.9790358286843213
3.9788246769558864
3.978769644180143
3.9786177660350948
3.978490674394851
3.9784805059851163
3.978286187502175
3.9781931178753367
3.9779268812817095
3.977785605031874
3.977713636551049
3.9774609384837794
3.97755336289236
3.977356465442925
3.9772478372757
3.977028691450352
3.976911664544775
3.976755567854775
3.9766317657925607
3.97655208119349
3.9763517246610025
3.976255258613198
3.9760281660666275
3.975871382031839
3.9757478816264604
3.9757002023038566
3.975514611852853
3.975462223919962
3.9752774957683243
3.9751234037331757
3.974955412136043
3.9748786604024486
3.9747602948490215
3.974558305580461
3.9745143934781573
3.974314831906784
3.974134239872802
3.9740255681151573
3.973951637118554
3.973900910171601
3.9736988810005984
3.97358651919153
3.9733746122025684
3.9733435161871755
3.973101143192151
3.9730746981715717
3.9728629962925557
3.972826367731908
3.9727060986179494
3.972590294452603
3.972424959758872
3.9722817275013464
3.9722326437351048
3.9720047042207254
3.9719598396651867
3.9717797466463836
3.9716527168389453
3.971487773367031
3.971327269493939
3.9713294270210655
3.971221814105704
3.9710688458698593
3.970926623475421
3.9708257465242003
3.9706219488541263
3.970475950498073
3.9703628273633274
3.970168731024709
3.9701070079739638
3.969880644872272
3.9697622231771605
3.9697795264012763
3.969606798350509
3.969476590739442
3.9692506019817757
3.9692302403752904
3.969103936033216
3.9688965574579114
3.968766002408341
3.968669477673681
3.9684857924692505
3.9683927344318666
3.968203199162058
3.968042405719459
3.96795148979016
3.9678661779415885
3.9677189095932572
3.9675681857724987
3.9673784084683628
3.9673300840225947
3.967131607518255
3.967096031686839
3.966939794364402
3.9666914130237485
3.9665936294912414
3.9664996469427662
3.966333520928765
3.966311135276403
3.9661094510942028
3.9659311012975733
3.9658352706389093
3.9656560110604846
3.965459083616697
3.965375818036753
3.965247166254607
3.9650905763867765
3.964920490039488
3.964852844137415
3.964707055590848
3.9645510143383125
3.9645137501676087
3.9643750557080377
3.9641026811541145
3.9639987188160313
3.9640146945002175
3.9638828663784715
3.963752608272301
3.9637405810549002
3.9635478518795617
3.9633977019164477
3.9631819629006513
3.963042727484885
3.9629158740319625
3.962750315580542
3.9625900252018793
3.962510662348225
3.962353513142167
3.962288082799018
3.962097811189317
3.9619147859540504
3.9618159734943292
3.961680214286588
3.9615299298579822
3.9613467242260816
3.961225769750278
3.961065747262371
3.960932627970893
3.9608083145471484
3.96052796179066
3.9604202598898235
3.9603103206805432
3.9601567683420758
3.9600557076059113
3.9599009053950507
3.959728039010366
3.959644692849947
3.959357060894525
3.9593096421767915
3.9590848799019693
3.958942939588004
3.9588525637513583
3.958723933182818
3.958514344118027
3.958343830465988
3.958221569251936
3.9581076287851076
3.9578475170234895
3.9577131553654143
3.957628760696048
3.9574898094316695
3.95727757672848
3.9571318208119384
3.9569996587919873
3.956788432718717
3.956636743188935
3.9564821701724626
3.9563701904132897
3.9561796950474752
3.9560770398511975
3.9559067332503863
3.955723898304352
3.9556380609190827
3.955361210837943
3.955320934314976
3.955014967678412
3.9549545300481004
3.954761127877572
3.9546422829669727
3.9544443523798756
3.9542432306105195
3.954031158122784
3.9538661908174784
3.9537619894008253
3.9536362052433
3.9534928637678126
3.9532696132715577
3.953148302264609
3.9530736113365683
3.952868619103867
3.952586901465674
3.952580158501651
3.9524578011364264
3.9521672435000315
3.952151157712836
3.9519135891100214
3.9518384362472134
3.951678857406637
3.951616974424679
3.951418192701764
3.95136769469335
3.9510686158849793
3.950974445398676
3.9509350228019158
3.9506353403183874
3.950623313205608
3.950487125486388
3.950278099177081
3.9501955892391947
3.950065485522443
3.949932034360585
3.949805492672922
3.949786998131324
3.949573611429978
3.9492945999325753
3.949295670368501
3.949216852627216
3.949054022487219
3.9487654695041536
3.948844693547261
3.9486432833649503
3.948499609058479
3.948357580716789
3.94829675339408
3.948088178446987
3.947982820700732
3.9478353058645035
3.9477261272310615
3.9476049313160506
3.9475613173299893
3.947443687923338
3.9473000557890097
3.9472323933460336
3.9471243402037426
3.9469514855070456
3.9469013235482615
3.9467847368211153
3.9466782289412783
3.9466356980078805
3.9464177792327235
3.946359646135311
3.9462636869564087
3.9461301704786775
3.9460968590361323
3.9459372573713196
3.9459333794708913
3.945750110797122
3.9455714017069585
3.945525591254289
3.9453466492768494
3.9451992602284816
3.94517099623839
3.9451373336703175
3.9448841483910373
3.9448842486730697
3.9448301700159574
3.9446649123747717
3.9446344501151036
3.9445538099739026
3.9444135417350124
3.9443124409409616
3.944318885207089
3.944162204090021
3.9440981068232692
3.9439928103065798
3.9438379298646584
3.9438091660724806
3.9436479304214536
3.943564268209125
3.9435543790498064
3.943378952132478
3.94331919061416
3.9431083964784226
3.9430927878857642
3.9429931474982807
3.9428972490603504
3.942815344237356
3.9425921931633803
3.942551072405121
3.9423958299496644
3.9422308766603993
3.942287055907591
3.9421588132809573
3.942092614404147
3.9420608124735392
3.9419012102446254
3.941937107161602
3.94171436512104
3.9417544186316773
3.941690517634983
3.9416042653156746
3.941535479650109
3.9414068452381015
3.9413564667402494
3.9412621434692254
3.941200652759011
3.941183663880102
3.94104003310771
3.9410461980992113
3.9410799893697073
3.940939023643727
3.940922303612368
3.940844851729913
3.940827211430351
3.9406761520864153
3.9406930975843126
3.940698708672935
3.94063176174894
3.9407087454192533
3.9407057369914766
3.940685623958881
3.9406639613942938
3.9406035617029507
3.940584105998561
3.9405391950091415
3.9404909921865934
3.9405146965320137
3.9405078384041965
3.940530333913815
3.94050282377056
3.940520555408896
3.9404353963538488
3.940414975961205
3.9403777090935095
3.940365576652504
3.940402730547913
3.9404385523853915
3.940482510413012
3.9404031362526957
3.940443892597507
3.940418524662258
3.9404129864338144
3.940477852153466
3.9404861671044005
3.9405637249778653
3.9404510836271127
3.9405429373813643
3.940581419469266
3.940589474075127
3.940588210266624
3.940661568069381
3.9407369347027914
3.9406567479119987
3.9406989054934627
3.9406927319064007
3.940811797408598
3.940769603810721
3.9407962613146603
3.9409266095225606
3.940957578212723
3.94097568306116
3.9410558843804675
3.9411319053046654
3.941181981153131
3.9412371657043868
3.9412938396467885
3.941296270817301
3.941360744602571
3.941346069675471
3.9413895151602416
3.9415290935230383
3.941555270154569
3.9416409178431113
3.9416505996433044
3.9417632321306413
3.941837941385151
3.9418406389337024
3.9419389199273023
3.941933954645879
3.942047559297045
3.942082872128346
3.9421376676984563
3.942210836621376
3.942316726816123
3.9423787808267536
3.9424531136456595
3.9425671082129887
3.9425622767411395
3.9427061609883554
3.9427356415422445
3.942788204024636
3.9429738411156783
3.9429401379452687
3.9430835171040908
3.9432000049033875
3.9432278333724553
3.943407731663908
3.943483302278595
3.9435761088937222
3.943728433210288
3.943860292902391
3.943951475506666
3.9440357751545254
3.944204811553431
3.9443288609913227
3.94444574997421
3.9446309838673494
3.9446387825460354
3.94474555819208
3.944925771265278
3.9449985631585403
3.9451814025549177
3.945375894033408
3.9455424593605533
3.9456601971798952
3.945832313712303
3.945969410399816
3.9460762392819246
3.946264553304276
3.9464218864262937
3.9465902196818354
3.9467153763193994
3.9468005897941447
3.947080632804142
3.947146151063525
3.947443622353648
3.947541542989503
3.9477292203242755
3.947945772791031
3.948093950573882
3.9482706682964097
3.948440764336062
3.94861988489549
3.948758867079118
3.948955103806274
3.949136967496684
3.94929683339762
3.9494552526061044
3.9496203776519327
3.9497916157882673
3.9499379926723384
3.9501596001168555
3.9503474467415747
3.950479535241072
3.950658084196903
3.950915184576416
3.9510934106842095
3.951279304432772
3.951401718161462
3.9516729872996508
3.951770681588042
3.951963056883742
3.952218361636237
3.9524411521004015
3.9526505760396846
3.952859120310582
3.9530594645795416
3.953199048234128
3.9534579266752345
3.9535329472712517
3.9537962455343436
3.953936545821923
3.954179693371482
3.954341124768336
3.954603244284907
3.9547774404820752
3.9550907545696448
3.9552859310769852
3.9554540978752555
3.9557154893864332
3.955923443345258
3.956182557101702
3.95643081981632
3.9566401533264237
3.9568152060902912
3.957206253884069
3.9573594967099615
3.957575264089213
3.9577924242280713
3.957944421204322
3.958219133539933
3.9584191442463426
3.9586723747889976
3.9589696511358548
3.9592331622750194
3.9594789895303033
3.9597438217545133
3.960010165927452
3.9602379211370433
3.960398046420513
3.9606934108865137
3.9610366439343414
3.961336164603636
3.9615460692490236
3.9618151333713283
3.962039268466777
3.962320324476489
3.96263157302473
3.9629710077404874
3.9632504218793234
3.9635061568186054
3.9638671728363435
3.9640907794290388
3.964434798924209
3.9647177319908864
3.9650800019908616
3.965297816723412
3.9655627214459614
3.9659447406990247
3.9662525701487747
3.966560557242479
3.96696509660319
3.9671852585677643
3.9675661373551754
3.9678069527070057
3.9681895401910663
3.968448075552841
3.968828191216782
3.969069515417244
3.96944016341707
3.9696916830800646
3.9699784637711644
3.97037006545275
3.970665088198316
3.970966714685951
3.971325813331191
3.97167396102382
3.9720757542133023
3.9724278382902836
3.9727393617090736
3.9730594067390412
3.973471819101157
3.9738670832130665
3.9742173685067255
3.9745795184870634
3.974974114544719
3.9753448293260876
3.9756217408029197
3.975995303802188
3.976306426029813
3.9767171672998582
3.9770120824639528
3.977464060499836
3.9778116852317384
3.978131389057969
3.978536753075483
3.978956374339753
3.9793047182286196
3.979657960917288
3.9800192610123637
3.980435114683608
3.980799682671124
3.981063534988807
3.9814998635990153
3.981809926541278
3.982264287105075
3.982590464481495
3.9830268954867547
3.983407969900601
3.9837326801108532
3.984112518782631
3.984492779718733
3.9848722536735313
3.9852674469469154
3.9856066336697973
3.986006864105655
3.9864442509878524
3.9867949336673614
3.987253509068834
3.98762456893314
3.9880637968544344
3.988366693845778
3.9888227325516334
3.9891720755936806
3.989505074162728
3.98999145796635
3.9904270346859017
3.99087647384695
3.991250854407331
3.9917107428641265
3.9922333417906564
3.9925598076702156
3.9930049383872745
3.9934964301072586
3.993961362075132
3.9942745108778515
3.994752571094035
3.995218364528287
3.995673038113694
3.9960821119323815
3.9966137153691594
3.9971293157943797
3.9975706346920274
3.997972710335912
3.998425571413841
3.998898952130957
3.999361210625369
3.9997573588525577
4.000317388733367
4.000786142257987
4.001158351069302
4.001613488001924
4.0021032556614475
4.002504924186886
4.002884372124308
4.003346175841255
4.003836046802589
4.004286670629
4.004753218144193
4.005118606683415
4.00550930411148
4.005974701839715
4.006444567144104
4.00687331403058
4.00722488352648
4.007782216889013
4.008245747943351
4.00862610931822
4.009032890853475
4.009557928924408
4.009927169716704
4.010353677313764
4.010735615006205
4.011118815819105
4.0115802640870335
4.012082265248493
4.012473728539168
4.012921291921293
4.013416203427871
4.0138751554038015
4.014296088637266
4.01477852736167
4.015244909207939
4.015676386287196
4.0161714542278535
4.016598386502335
4.017034153203337
4.017535534737859
4.018028050952493
4.018421734660298
4.018885937754013
4.019349084617582
4.019773311560251
4.020198543153871
4.020696271814922
4.021244699458619
4.021630472703637
4.022126778295606
4.022504593667615
4.023006201485623
4.023444708494785
4.0238029761328455
4.024304762260848
4.02479134968555
4.0252483686029255
4.025723430389775
4.0261885123624745
4.026572432156459
4.0271322855585145
4.027526868507818
4.0280953636836605
4.028419478315869
4.028958731612021
4.029415181088539
4.029884422573366
4.030383429671684
4.030743689415505
4.0312070201715615
4.031619841828617
4.032122707174642
4.032564485077625
4.033020157698662
4.033577328515884
4.034038992811039
4.034498427434941
4.035049700547231
4.035529781770673
4.036070224492574
4.036476091801542
4.037027080607186
4.037513363074072
4.037915756411615
4.038560248606816
4.038899316596237
4.03940105452544
4.039996766453088
4.040501692539279
4.041028682613055
4.041542389467145
4.042067275748017
4.042540223734935
4.043082046932335
4.043528576453916
4.044093515520221
4.044652927744684
4.045263174239362
4.045794736998322
4.046324390221069
4.046880611657838
4.047487494308835
4.04794389969271
4.048544178674073
4.049043929166613
4.049601546331385
4.050078865931888
4.050614456232588
4.051178040738271
4.051754052381386
4.052310041743717
4.052918982000687
4.053391718196623
4.053857528694949
4.054479981791475
4.054933939011734
4.055384529233576
4.055789920097918
4.056353459477434
4.056778781266201
4.057329645665073
4.057840935108407
4.0583048121373615
4.058763529778669
4.059257802555906
4.05974636261
4.060224320058511
4.0606899075167
4.061188555673521
4.0616899277224805
4.062152480232716
4.062680446970087
4.063217523849925
4.063735821168246
4.064363140921743
4.064839501928675
4.065341521919256
4.065697343024142
4.0662989391894335
4.066796867112724
4.067292246985345
4.067697088211287
4.06827084142302
4.068768689413636
4.069173757294066
4.069702009705967
4.070233917613628
4.070774708084332
4.071148638543304
4.071625753300012
4.072102965071801
4.07258441178971
4.073197278070077
4.073587128740314
4.074204968777227
4.074529254903333
4.074886823790465
4.07542367319374
4.075777415505072
4.076437878976951
4.076905000890611
4.077287324338096
4.077835045714482
4.078270722975843
4.078816279272969
4.07922714654456
4.079664344814197
4.080155479076626
4.0806915149956176
4.0811437416413225
4.081533181148265
4.082025827031743
4.0826071042310215
4.082880048380315
4.083605414009409
4.084082444236044
4.08447434957435
4.084998046116395
4.085497022386654
4.085961973600597
4.0863724947610365
4.086955394826755
4.0874762878388635
4.087947589415843
4.088363876167659
4.088813436228672
4.089403012541479
4.089854701952631
4.090333846324997
4.090687221538733
4.091205169137743
4.09165230759345
4.0922127590981345
4.09267531901019
4.093038318532674
4.093541797719372
4.094074223154725
4.094529083015698
4.0950661086467655
4.095372522107705
4.095951647522265
4.096318802088365
4.096873064465961
4.097327348784303
4.097776760472647
4.09822747746754
4.098630596539772
4.099157731190768
4.099519864378777
4.100047359417128
4.100534495892977
4.101023560303082
4.101403879354861
4.101862519702153
4.10213563223422
4.102676788970623
4.10306155533968
4.103543669599506
4.103895569293259
4.104464935637121
4.104879188951028
4.105270316467718
4.105819716734904
4.106389075418518
4.10674938476778
4.107128480781661
4.107570731642714
4.108089502516655
4.108507322191318
4.108977502486233
4.109454113286954
4.109902136936683
4.1104082379350215
4.110791078896645
4.11133015942441
4.111695863517123
4.112153509480985
4.112544412223582
4.1131143786942985
4.1134873452497445
4.114034904473668
4.114596198230954
4.1149664714118845
4.115374986038088
4.115843025621675
4.11626845508619
4.116711038798177
4.117031722458865
4.117513992150095
4.117947950318069
4.118390379347739
4.118767828039069
4.119287597301873
4.119650264155921
4.120038311690111
4.120496308997534
4.120812228577847
4.121243203425258
4.121690719324107
4.121969566083432
4.122338988935527
4.122742204020817
4.1230656999887705
4.123442260438687
4.1239127010845955
4.1241816171625345
4.124540998358658
4.124942656846082
4.125327657102387
4.125759076778728
4.1261350772195495
4.126507736299145
4.1268545340358465
4.127297720982606
4.127645808809235
4.127966061878748
4.128325431800836
4.128728344260798
4.129170803552484
4.129573128879389
4.1299492079051605
4.130350538681294
4.1306741799303115
4.1311066824028
4.13144278675892
4.131839469259715
4.132282860722087
4.132656898585689
4.133082518556268
4.13335564083967
4.13374504481071
4.134042952831757
4.134470604942708
4.134867942496477
4.135273660122521
4.135583603346373
4.136008800883547
4.1364527322152576
4.136812481031311
4.137248128859409
4.13768281822274
4.138025545374648
4.138468285963777
4.138891215306445
4.139200455877762
4.139679442545785
4.140019472756494
4.1404031535387205
4.1408440509911895
4.14124221511817
4.141612587081559
4.141898695505917
4.1423210141406805
4.142747742981031
4.143079076573242
4.143464489933722
4.1439051724318805
4.144260278911087
4.14466520135337
4.145085326268575
4.14540887987382
4.145793652998737
4.146157948823141
4.146561026566399
4.146940690233337
4.14725833696884
4.147724238544507
4.148070474998861
4.148361289484521
4.148712856888213
4.149077322846112
4.1494232278334895
4.149765806917809
4.150209597390842
4.150649872737213
4.150955274341864
4.151402200691349
4.15174524041433
4.152032246890451
4.152490886299703
4.152745644355641
4.153176637740056
4.153632671147729
4.153956292203572
4.154393432342709
4.154928569508405
4.155164407643411
4.15544358325448
4.155904037517783
4.156236811975104
4.156647720349429
4.157059307541796
4.157400067291923
4.157807106803913
4.158159028287949
4.15860695689755
4.158950171559516
4.159275530174876
4.159702684157105
4.160129498425605
4.160507187614426
4.160845438294066
4.1612443948989615
4.161721737487527
4.162068123524723
4.162494498565959
4.162723410496936
4.163177838215999
4.163473134120257
4.163955046278463
4.164324586199764
4.164668662868978
4.165060606472919
4.1654531344793835
4.165809853852691
4.166223711239713
4.166666331567092
4.1669289484031795
4.167489774822792
4.167862563607076
4.1682474256243385
4.168628285044404
4.168938077029209
4.16939443149082
4.169818949456645
4.170250170571507
4.170576740851337
4.1708736481097946
4.171294678002057
4.171662883363713
4.172071013510822
4.172446055678994
4.172814522105793
4.173343397949877
4.173667016969786
4.173996332962989
4.1744299460224035
4.174745531972746
4.175119464599373
4.175575620063772
4.175984404894784
4.176388246657813
4.1767658208275655
4.177148796659192
4.177592351298028
4.17801942809565
4.178394228532281
4.178782600536417
4.179120153429867
4.179463270270371
4.17991796941085
4.1804621540968805
4.1808828290676
4.181219287021333
4.18182085199704
4.18214764735637
4.182507574944325
4.183001661173346
4.18348525897476
4.183862861769866
4.18438446809881
4.184799795108294
4.185165231494293
4.1857405880171505
4.186138505936931
4.186587708029706
4.186935847306754
4.187440353649481
4.18787995284048
4.188347477741214
4.188706212789653
4.189233804368532
4.189692925797549
4.190178599888876
4.190642485748275
4.191151671772183
4.191580654283073
4.19220798259897
4.192633011464867
4.193011788297674
4.19343435711758
4.193893908367912
4.194345734714303
4.194717269559308
4.195195766664747
4.195680260990901
4.195995671955912
4.196448971978
4.197032049399718
4.19729190247453
4.19774522198919
4.198182949141833
4.198590247206555
4.199177769796651
4.199587962485937
4.2000011237204165
4.200459620283605
4.200861385159317
4.201339628659794
4.201684869749105
4.202179476272325
4.202700569015552
4.203223038130208
4.203629561844671
4.204033474466899
4.204526204899698
4.20503187228764
4.205458030290046
4.205869679322331
4.20638743433961
4.206933006880377
4.207311757544064
4.207796872769047
4.208136859731657
4.2086024919622265
4.209092761085644
4.209664890758132
4.210050103061282
4.21064664377942
4.211013344361998
4.2115008889243795
4.211996154187852
4.212459817943082
4.212937026504976
4.213471704972665
4.21387742344972
4.214473033308079
4.215035610210583
4.215408300288034
4.215960775585622
4.2165136461374475
4.216977563786256
4.2174965114744065
4.217972816509405
4.218536737928288
4.219045435135542
4.219602621836163
4.220149413647326
4.2206395112436565
4.22115761794335
4.221711665662797
4.222205764591759
4.222751324996034
4.22321828076607
4.223856781830316
4.224370850653247
4.224763565115241
4.225439533323281
4.22599136674106
4.226594716219127
4.227048388310245
4.2275696012581845
4.22811840608942
4.228638879483177
4.22919130501417
4.229692152482669
4.230203025921893
4.230689074110863
4.231300175684227
4.2318669008679946
4.232342729431144
4.232884790844922
4.23329633634085
4.233946693886819
4.2344051837632115
4.234952547117222
4.235355141028665
4.236039093882374
4.236501987559218
4.237042880207037
4.237643644462404
4.238154568378316
4.238723047457809
4.239321819036934
4.239858386896204
4.240352964725499
4.240953403295362
4.241403331018827
4.24198082431005
4.242668198537961
4.2431538071299535
4.24371952279133
4.2443376880220365
4.24488149014118
4.245482066755835
4.246019438331997
4.246523209314691
4.247234354270243
4.247809700906405
4.248236225763216
4.248945116126775
4.2496044274021765
4.2501735698020875
4.250680679735918
4.2513619690476885
4.251908763780795
4.252529727339958
4.25304597366777
4.253732370149338
4.254386852600224
4.2548614986246145
4.255514444455951
4.256168823650859
4.2566732013098845
4.257300849568862
4.2578756188764055
4.258443270084126
4.2590386662640825
4.259756963559874
4.2603635934420225
4.26104931166175
4.2616680971615315
4.26242474599238
4.263070450308811
4.263519424841845
4.2642823679663655
4.264771566891561
4.265438141381364
4.266113828665614
4.266683831425837
4.267324124922017
4.267972284020687
4.268609092888571
4.269262329965826
4.26996965473768
4.270717426877755
4.271388088165066
4.272095013797634
4.272752622316403
4.273553554413984
4.2742960370062955
4.274979737176742
4.275736142065493
4.276253792449331
4.277055528562525
4.277636914993886
4.278262699297059
4.278963130484202
4.279615593845509
4.280387323460511
4.2810463738990645
4.281724813195951
4.2823841034467875
4.283112115500921
4.283720524655733
4.28446809113291
4.285089527357077
4.285877149267033
4.286562326410062
4.2874260513564195
4.287964504179805
4.288840705463573
4.2894776226184375
4.290312050608196
4.290879467159315
4.2915252132581445
4.29233208630249
4.293019899753263
4.2937827463059515
4.294419882372647
4.295191441655064
4.296085821206948
4.296729515698319
4.297343605912606
4.298105023662776
4.298818132000613
4.299468515848064
4.300175579999533
4.30089872386999
4.301589523999198
4.302244544618086
4.303045173303508
4.303573995610376
4.304253616693868
4.304959575355779
4.305546542588963
4.306307199707289
4.30698411872648
4.307679539782172
4.3082922766810965
4.309046891749398
4.309766757367522
4.310483831193609
4.31120016904053
4.311941428306343
4.312643891460857
