4.7622930584255885
4.7618176470203135
4.761339469198391
4.760858269877703
4.760375346173194
4.759891414359902
4.759405314197985
4.758916765656905
4.758426434133693
4.757935246428448
4.757441904169485
4.756945481014091
4.756448256354437
4.755949176317599
4.755448937084143
4.754946911658617
4.754443191103968
4.753937570739562
4.753430794305479
4.752922429605545
4.752412654310733
4.751901428514079
4.751388444894308
4.750874995007459
4.750360378435334
4.749844106890437
4.74932618262257
4.748806845666375
4.748282978495049
4.7477564056073565
4.747229352129
4.746700987072071
4.746171030364102
4.745639484828325
4.745107183152431
4.744572134132919
4.744035549029963
4.743497720445067
4.74295799820585
4.742416754902293
4.7418732282539136
4.741326909103412
4.7407773882456565
4.740226442467847
4.7396740756583196
4.7391187910663
4.738559728003779
4.737999308450592
4.737437753837381
4.73687343478661
4.736308145934381
4.7357415580339195
4.735173380970483
4.734603481587146
4.734032639868768
4.733458886969917
4.732883910881922
4.732307716668902
4.731729526731088
4.731150512610855
4.730570890578883
4.729990498601281
4.729408960410581
4.728826281521893
4.728242399155912
4.727658010724348
4.727072504667089
4.726485886714922
4.725898254995081
4.7253088456441805
4.724716142422065
4.724118198998846
4.7235192070469685
4.722919172692673
4.722319016061331
4.721714638043437
4.721104341320566
4.720489107502072
4.719873029524791
4.719255900860427
4.7186356442328785
4.718013641241634
4.717391495762894
4.7167681777721215
4.716143369609333
4.715517627287076
4.7148901154049305
4.714258317775121
4.713624356945562
4.712989078475727
4.712351630324412
4.711713395436704
4.711070466609535
4.710423964618993
4.7097754305800414
4.70912544043068
4.708473955374152
4.707821763880044
4.707169286205131
4.7065117633694795
4.705852462383983
4.705190861413381
4.704528609156384
4.703865714025258
4.70320218447966
4.702538029026725
4.701873256221089
4.701203434351429
4.700531472005429
4.699859187882551
4.6991835536179325
4.698507271660325
4.697830483840989
4.697153199353817
4.696471143647585
4.69578776373005
4.695102687417828
4.694414813963667
4.693726457553867
4.693038192473634
4.692350402089771
4.691662764290101
4.690975086994215
4.690284536110065
4.689588962820701
4.688892490191896
4.688194606307062
4.687492845717452
4.686790776967458
4.686089821344224
4.685390808499122
4.684691486943134
4.683986731309714
4.683281334087035
4.682575633000338
4.6818681900112376
4.68116043170763
4.680452415460481
4.679744152519309
4.67903656057587
4.678329874386453
4.677624600086016
4.676920407181867
4.676210901279142
4.675499974130707
4.674784214321771
4.674068191458824
4.673349817867074
4.672626719238844
4.671905280901444
4.671188222159176
4.670476507850904
4.669766170201838
4.669057010832992
4.668345383428411
4.667632135999789
4.66691293410631
4.666192058146421
4.665471547508249
4.664750863664555
4.664030301378167
4.663309996241091
4.662583715331149
4.6618575651895755
4.66113156020297
4.66040587340451
4.659680467632367
4.6589552279458
4.658231520875628
4.657503030181944
4.656774761747602
4.656027194313611
4.655276437964178
4.654520596147153
4.653763335626979
4.653006265166547
4.652249399752083
4.651492754430951
4.650736344311529
4.64996150529818
4.649182714298258
4.648402396784058
4.647622272584808
4.6468377118269775
4.646046519599476
4.645255634661683
4.644465590651466
4.643675654731182
4.6428786532117705
4.6420773794466434
4.641276378075669
4.6404764108627115
4.639676846331596
4.638879644063974
4.638078832591969
4.637268689843991
4.636454941382547
4.635632542254977
4.634802623698253
4.6339728128186275
4.633143278124166
4.632314035842646
4.631482068965858
4.630646525100445
4.629811918303074
4.628975180856199
4.628136867991932
4.627296312572071
4.6264512639752615
4.625601232761215
4.624732734458372
4.623860936388422
4.622984707786844
4.622103389286559
4.621217988734119
4.620333285988774
4.619446497594301
4.618558338213598
4.617666850687791
4.616764071696151
4.6158567591012565
4.6149374311363545
4.614013758970362
4.613089601096664
4.612165449979837
4.611240845269719
4.610308751591621
4.609374103537925
4.608438524431611
4.607500713250658
4.606550032212292
4.6055873248259225
4.6046048601773935
4.603622188029616
4.602637554202436
4.6016452088527195
4.600652799875026
4.599638914666747
4.5986134764449815
4.597576065232514
4.596529242445743
4.595475715030589
4.594407515786481
4.593324273999004
4.592237584246831
4.591118961853247
4.589977079588239
4.588830387465588
4.587672479345922
4.586498270145291
4.585322760954962
4.584144256473762
4.582955322470662
4.581759695602722
4.580540149312918
4.5793040375700516
4.5780576153329475
4.576804448338483
4.575549178625857
4.57428443587513
4.573017645277647
4.571730932513536
4.570442489605724
4.569148913049174
4.567841265735762
4.566517100630569
4.5651917598885605
4.563859681958996
4.56251780680626
4.5611707094372775
4.559817533901431
4.558449253409022
4.557072950105264
4.555655856324469
4.554237881521999
4.552819046488846
4.5513477648451905
4.549845148416806
4.548342233075781
4.546828101994776
4.545358926539991
4.543880312849006
4.542398175376475
4.540895247713762
4.539389911227616
4.537870639368302
4.5362799061082955
4.53449030344957
4.532652447000392
4.5308163660713285
4.528982055152487
4.5271495093480105
4.525318724362966
4.523489696490511
4.521662422599447
4.5198171865707435
4.517939153676547
4.516026724178727
4.514063692923545
4.512086511755048
4.510057351260885
4.507993977854243
4.50593371372359
4.503873891838295
4.501802905734268
4.499718208358005
4.497633819022964
4.495521305978897
4.493411467038868
4.491297667497681
4.489176951242735
4.487059208391391
4.4849444317788665
4.482832614878755
4.4807237517895935
4.478617837221675
4.476514866484228
4.474414835472818
4.47230872140923
4.47019583311735
4.468085861743245
4.465966433729827
4.463764957800553
4.461506087141081
4.459230903549034
4.456907619133589
4.4545233273587
4.452144966380351
4.449772491578714
4.447405373868378
4.445077261097414
4.442755593461919
4.440440332315889
4.438131440501808
4.435829375943279
4.433534419595632
4.4312388410682555
4.428941756451155
4.426631846723676
4.424228832980739
4.421586160694426
4.418857855822554
4.416170485732737
4.413493659170366
4.410827274278625
4.408171232107391
4.405505755382403
4.4027724617703505
4.400024241957332
4.397222815025017
4.394407901202141
4.3915423481838864
4.388528197529384
4.385491367593591
4.382358106399549
4.379167278946513
4.37595171533985
4.372804392566709
4.369677006514974
4.366569366560589
4.363469035810009
4.36019955120791
4.356950615934834
4.353672838491848
4.350406801446641
4.3471611529000125
4.343866018614448
4.340594108439131
4.337320873383695
4.333933581569908
4.330471114911631
4.327029418776522
4.323598194650545
4.3200481646479565
4.316454531458519
4.3128969596822975
4.309438329133392
4.3060437488037575
4.302620071677308
4.299057783912644
4.295089634194192
4.290668184193345
4.286170015450976
4.281413701513624
4.276571758910726
4.2717948498054605
4.26708453153597
4.262466280178364
4.257802367906616
4.252993172028612
4.248030676810033
4.243036192363101
4.238069703208555
4.233171146533759
4.228310684080947
4.223442366139224
4.218492547846294
4.213573025068661
4.208711025288044
4.20390271870783
4.199236987696728
4.194747629424894
4.19025275825525
4.185719960910174
4.181233271012576
4.176796570692091
4.172460850432163
4.168193307955557
4.164048857350738
4.160015088246139
4.155947607450917
4.151943763311807
4.147973930688621
4.1440371384132435
4.14010451539358
4.136120997428363
4.132180472574844
4.128308332883046
4.124531916596448
4.120832095184369
4.117221583372854
4.113663886891575
4.110197101667116
4.1067685249215415
4.103290539026438
4.099688440745293
4.096114795759572
4.0923935125732935
4.088693211570542
4.085053980875539
4.081452372860174
4.077893410616999
4.074373774874334
4.070895459163632
4.06745569927698
4.064069923795335
4.060739115886836
4.057446265154506
4.054190686097756
4.050969112841881
4.047782113144709
4.04461572245604
4.04148650325349
4.038392032234959
4.035331707929178
4.032307702923727
4.029314385857547
4.0263529423586
4.023276393556933
4.020175720299067
4.017107473677289
4.014071080708954
4.011066092722474
4.008092553327024
4.00514923027959
4.002235605692126
3.9993511744193126
3.996495443664281
3.9936670984186153
3.9908651930961607
3.988089619086589
3.9853409815832
3.982618841738897
3.979922771041629
3.9772523510075404
3.9746071728849444
3.971986837368783
3.96939095432504
3.9668191425248
3.964271029387481
3.961744384276088
3.9592396020465865
3.9567574930100258
3.9543065412585743
3.951902136750878
3.9495175498891095
3.9471524675901715
3.9448262918207306
3.942399679044721
3.9399879889154703
3.937616928133828
3.9352667201501506
3.932937066918132
3.93062767666914
3.928354112103066
3.9261052335111937
3.9238690715398112
3.9216488562623244
3.919447537398038
3.9172648558615766
3.915114893951719
3.9129905929053166
3.9108989894871073
3.908827542677677
3.906772978825702
3.9047350788535145
3.9027168578519613
3.900731987158234
3.898762840413911
3.896809220543152
3.894870934204915
3.8929527024196644
3.8910713363265903
3.8892171281185965
3.8873748800222834
3.8855617439766448
3.883779184965265
3.882023230120184
3.8802900052939133
3.8785774437749754
3.876874343926291
3.8751955560928435
3.8735366274990435
3.8718917363743386
3.8702741958204427
3.8686708171488733
3.8670976371585226
3.8655562140195903
3.864037381999055
3.8625379650171707
3.861059309452819
3.8596058956196293
3.8581620670295815
3.8567481921799707
3.8553650914194124
3.8540039761307057
3.8526637273778985
3.8513382382352885
3.85003384112935
3.8487574119733887
3.8475009009324608
3.8462551021928406
3.845029010066209
3.843811076471346
3.8426000096690602
3.8414117724642742
3.840251608736942
3.8391095079951825
3.837985787210739
3.8368757026340115
3.835781912995509
3.8346937617143464
3.8336344909136333
3.832590306634906
3.8315514812742055
3.830521303628032
3.8295087082274906
3.828502676659811
3.827503020760379
3.826510078295186
3.8255251629713856
3.824549419419065
3.8235812520656234
3.822620591871679
3.821665739349375
3.8207259474141204
3.8198043441348353
3.8188868599514283
3.8179756855426636
3.817078526677297
3.8161984337352672
3.815322409843667
3.814450427150862
3.813582458111006
3.812718475479648
3.8118584523094365
3.8110023619458744
3.810150178023162
3.8093023229262655
3.8084593901252153
3.8076236763060844
3.8067977790825505
3.8059764518469157
3.8051592024820873
3.804346038136244
3.8035469795642483
3.8027594891436105
3.801980528321268
3.801204876481693
3.8004300713563577
3.7996581544703125
3.798889140598491
3.7981246562575115
3.797373286045739
3.796643538069303
3.795931159761936
3.79522512565737
3.794522274803773
3.7938221498309312
3.7931247351188118
3.792430015202074
3.791737974768094
3.7910485986550526
3.7903618718500383
3.7896777794871706
3.7889963068457746
3.788315485579874
3.787636804294143
3.786965610100097
3.786303843158833
3.7856494215797
3.784997418843939
3.784347822117973
3.783700618689865
3.783055438466342
3.7824113558504453
3.7817696388496573
3.781130275119211
3.7804927277338862
3.7798660102282695
3.779249426060613
3.778635015652817
3.778022768456523
3.777412674019137
3.776804721982716
3.77619890208284
3.775595204147511
3.77499361809607
3.7743941339381157
3.7737977308022637
3.7732081969740543
3.772626304051167
3.772046388920356
3.771468442860032
3.770892457223597
3.7703197565909736
3.7697558699970517
3.7691938631524495
3.7686337281199886
3.7680754570290707
3.7675190420749156
3.766964475517816
3.7664124702044632
3.7658725959468518
3.7653506712681617
3.7648303930007123
3.764316253017466
3.763809074475375
3.763303463575091
3.762799415009818
3.762296923511298
3.7617959838493826
3.7613030137031944
3.760813288415713
3.7603250534694097
3.759838304105769
3.759353035599162
3.75886924325648
3.758386922416783
3.7579060684509398
3.7574266767612836
3.75694874278127
3.7564787792211596
3.7560170813613536
3.755558698732257
3.75510167579538
3.754646008664555
3.7541916934776967
3.753738771226004
3.7532944240457886
3.7528564978563477
3.7524224948217038
3.751989752245286
3.751559377208571
3.7511305113752593
3.75070288987682
3.7502765095278408
3.749851367160203
3.7494274596229387
3.749004783782029
3.7485833365202224
3.7481631147368693
3.7477441153477407
3.7473264411319116
3.7469112169576535
3.7464971998739194
3.7460843868933593
3.7456727750439374
3.745262361368781
3.744853142926007
3.744445116788583
3.7440382800441645
3.7436326297949254
3.7432281631574416
3.7428248772625126
3.742422769255021
3.742021836293789
3.7416220755514447
3.741223484214248
3.740826059481989
3.740429798567819
3.740034698698125
3.739640757112391
3.7392496909360107
3.738865021499247
3.738481471534162
3.7380990385043713
3.737714178898083
3.737326133526965
3.7369392465254965
3.736556080950366
3.73617884182759
3.7358056073041537
3.735433484143675
3.73506246983788
3.734692561888666
3.7343237578079838
3.7339560551177513
3.7335894513497463
3.733223944045514
3.732859530756271
3.732496209042809
3.7321339764753962
3.7317728306336875
3.7314127691066434
3.7310537894924165
3.730695889398286
3.7303390664405467
3.729983318244445
3.729628642444068
3.729275036682281
3.7289224986106175
3.728571025889223
3.728220616186755
3.727871267180304
3.7275229765553126
3.727175742005507
3.726829561232802
3.7264844319472243
3.726140351866857
3.725797318717738
3.7254553302337916
3.7251143841567673
3.7247744782361516
3.724434887172166
3.7240864106083063
3.7237390103850454
3.723392683989606
3.7230474289194353
3.722703242682129
3.7223601227953114
3.7220180667865526
3.721677072193251
3.72133713656258
3.720998257451352
3.7206604324259542
3.7203236590622404
3.719987934945449
3.719653257670115
3.719319624839984
3.7189870340679154
3.7186554829757994
3.7183249691944846
3.7179954903636747
3.7176670441318604
3.717339628156227
3.7170132401025877
3.716687877645278
3.7163635384671063
3.71604022025925
3.7157179207212048
3.715396637560675
3.7150763684935217
3.7147571112436872
3.7144391758258686
3.714123148344875
3.7138081206461373
3.713494090509403
3.7131810557219813
3.7128690140786618
3.7125579633816654
3.712247901440557
3.7119388260722004
3.7116307351006674
3.7113236263572063
3.71101749768015
3.710712346914863
3.7104081719136848
3.71010497053586
3.7098027406474823
3.7095014801214363
3.7092011868373245
3.708901858681435
3.7086034935466543
3.7083060893324324
3.7080096439447088
3.707714155295871
3.7074196213047004
3.70712603989629
3.706833409002028
3.706541973049761
3.706250513640003
3.705959989785131
3.7056703995042657
3.7053817408223346
3.705094011770044
3.7048072103838257
3.7045217642011172
3.704237730929715
3.7039546154509133
3.7036724158429224
3.7033911301893214
3.703110756579012
3.702831293106163
3.702552737870178
3.7022750889756524
3.7019983445323277
3.70172250265504
3.7014441263052538
3.7011640742524556
3.700884942267776
3.700606728379275
3.700329430620708
3.700056466712287
3.69978356233047
3.6995089836992263
3.6992353134491522
3.698962549641432
3.6986906903426955
3.69841973362493
3.6981496775654716
3.697880520246942
3.69761225975722
3.697344894189384
3.6970784216416854
3.6968128402174982
3.696548148025281
3.6962843431785415
3.6960214237957913
3.695759388000509
3.6954982339211
3.695237959690857
3.6949785634479317
3.694720043335281
3.694462397500658
3.6942056240965337
3.6939497212801
3.6936946872132155
3.6934405200623757
3.693187217998666
3.692934779197754
3.692683201839825
3.6924324841095673
3.692182624196136
3.691933620293121
3.6916854705985043
3.6914381733146437
3.6911917266482264
3.690948483255297
3.690706980563889
3.6904663172178633
3.690226491459905
3.6899875015367414
3.689749345699131
3.689512451624377
3.6892769074961764
3.68904218844957
3.688808292767058
3.6885752187349463
3.688342964643312
3.6881115287859783
3.687880909460501
3.6876511049681313
3.6874221136137963
3.6871939337060833
3.6869664547521594
3.686739134072003
3.686512614366579
3.6862869275342596
3.686063834893601
3.685841732971332
3.6856204176599245
3.685399887373736
3.6851801405303166
3.6849611755503675
3.6847429908577243
3.684525584879361
3.6843089560453284
3.68409310278878
3.6838780235459248
3.683662259524986
3.6834429365885017
3.6832244042854385
3.6830066609792174
3.6827896482215556
3.6825733914781775
3.682357909247279
3.68214196375286
3.6819268886720184
3.6817125718590207
3.6814982363832014
3.681283973850439
3.6810704697547068
3.6808577226164774
3.6806457309590703
3.6804337591199134
3.68022273343617
3.680012452430022
3.6798029146767517
3.6795946846376544
3.679386306269345
3.679178888335515
3.678972151124541
3.6787666377315347
3.6785624089221742
3.678358898648852
3.678156105585662
3.677954028408858
3.6777526657968456
3.6775520164301683
3.677352078991493
3.677152852165592
3.676954334639346
3.6767565251017107
3.6765594222437255
3.6763630247584755
3.676167790635112
3.675972655029285
3.675778214352408
3.675584467341969
3.6753914127372895
3.6751987752377064
3.6750068413597003
3.67481559669353
3.67462503997922
3.6744351699586266
3.6742459853754372
3.6740574849751626
3.6738696675051092
3.6736825317143977
3.6734960763539277
3.6733103001763845
3.6731252019362253
3.6729412278683946
3.672757503474355
3.672574447088873
3.6723920575069386
3.6722103335251237
3.672029273941589
3.6718488775560574
3.6716706989627914
3.6714916855590762
3.671314280086166
3.6711376706413765
3.6709617080900947
3.67078681791797
3.6706132030126457
3.670439923676862
3.6702677663910213
3.6700962407902242
3.669925345776207
3.6697519628296846
3.6695771962290573
3.6694030748083426
3.6692250136935423
3.6690470713758234
3.668874365518275
3.6686982665553747
3.6685222865646256
3.6683470609839057
3.6681736894204
3.668000961734065
3.667824685576539
3.667644626936869
3.6674689091628303
3.6672893362388996
3.6671144062380514
3.6669361554561517
3.666762539456322
3.6665855325151933
3.6664131879526556
3.6662375369877243
3.666062162497284
3.6658919597271664
3.665717913774136
3.665544993081212
3.665377222534529
3.6652061112917718
3.6650351187461947
3.6648688585722837
3.6647003745424076
3.6645320002587
3.664364259902513
3.664197152302044
3.664035150116619
3.6638698125788713
3.6637045816568437
3.663539978859845
3.663377201615295
3.663216068009281
3.6630552003629626
3.66289442039137
3.6627334655236607
3.662573119386026
3.6624133808765853
3.6622539026164462
3.6620964338213042
3.6619395611059895
3.6617835681531683
3.6616291825729292
3.661475381863375
3.661322765062139
3.661170443466022
3.6610180057041
3.6608661475434823
3.660713714186591
3.6605610078372086
3.660408887906494
3.660257353338858
3.6601064030797863
3.6599560360758256
3.659806251274572
3.659652503552204
3.659502799441879
3.659350235094153
3.6592017047725625
3.6590503868279485
3.6589029821887853
3.6587572483432598
3.6586075048499054
3.658461853343499
3.658313283371755
3.6581687946669854
3.6580213921417073
3.6578780636985924
3.6577317369345246
3.6575864611588935
3.6574479704831133
3.6573065689580986
3.6571691961383723
3.657028904668812
3.6568881116518033
3.6567524067788697
3.6566137902037066
3.6564746703708755
3.6563406282808666
3.6562036734831156
3.656066217677215
3.655929319921453
3.6557974837466305
3.6556627381091076
3.6555274921661853
3.6553928001952514
3.6552626889067605
3.655128294950274
3.6549939634369406
3.654860186333105
3.6547312679148045
3.6545990724939243
3.6544669382119284
3.6543353542216455
3.6542043194862974
3.6540739142152687
3.65394408892766
3.653814808188716
3.653686070964798
3.6535578762233274
3.6534302229327995
3.653304027781959
3.653178509729637
3.6530535268663487
3.652928587063284
3.652799483909904
3.6526681766515714
3.6525336972708486
3.652403509880825
3.652270153825361
3.652141082567967
3.652008844686171
3.6518811240072586
3.6517519590549097
3.651622862338315
3.651498505197685
3.6513709787810678
3.651243716899466
3.651120910875666
3.6509949020103107
3.650873172474304
3.6507482390703365
3.6506233705168794
3.6505032509557953
3.650379933448698
3.6502566786709845
3.650137594521189
3.650014637602874
3.6498917473732884
3.6497693987955646
3.6496472851814024
3.6495283425203695
3.649406228212141
3.6492841847744737
3.6491630471189875
3.649043092587732
3.6489238220963234
3.6488050866739226
3.6486868852187273
3.648570662871651
3.6484552706961657
3.6483403995194115
3.6482260482789184
3.648112215913565
3.6479989013635934
3.647886103570579
3.6477738214774558
3.647662054028494
3.6475508001693107
3.647440058846866
3.647331362557891
3.647223720296634
3.64711657689837
3.647009931349897
3.646903809171496
3.6467990099389676
3.6466961271727083
3.646593726206045
3.6464918060679965
3.6463903657886854
3.646289404399348
3.646188920932337
3.646088914421107
3.645989383900233
3.6458903284053936
3.64579174697338
3.645693638642094
3.6455960024505467
3.645498837438867
3.645402142648277
3.6453059171211293
3.6452101599008704
3.6451148700320677
3.645020046560391
3.644925688532629
3.6448317949966715
3.6447383650015275
3.6446455430073006
3.644553970621305
3.64446285627233
3.6443721990223783
3.6442819979345495
3.644192252073029
3.644102960503096
3.644014122291124
3.6439257365045794
3.6438378022120186
3.6437503184830993
3.643663284388558
3.643576975420079
3.643491723598985
3.6434069163861507
3.6433223915933275
3.643238098072406
3.643154250841361
3.643070848973946
3.642987901966809
3.6429054438524715
3.6428234270442195
3.642741850619749
3.6426607136578775
3.642580015238548
3.642499754442808
3.642419930352842
3.642340542051945
3.6422615886245424
3.6421830691561676
3.642100971318089
3.642018236023272
3.6419359504395157
3.6418541135955556
3.6417727245214184
3.6416917822484267
3.641611285809174
3.64153169677437
3.641454570045449
3.6413778742588785
3.64130134925257
3.6412249198789897
3.6411489189816084
3.641073345641521
3.6409981989409994
3.640923477963492
3.640849181793624
3.6407753095171986
3.6407018602211947
3.64062883299377
3.6405562269242595
3.6404842235353225
3.6404134017691296
3.6403429958862903
3.6402730049894925
3.640203428182599
3.640134264570628
3.640065513259756
3.6399971733573357
3.6399292439718716
3.639861724213041
3.639794504080593
3.639727276803014
3.6396606908697304
3.6395945088359074
3.639528729819949
3.6394633529414278
3.6393990048983085
3.6393354892473284
3.639272401807809
3.6392039954089683
3.6391322021775
3.6390608302958776
3.638989878813064
3.6389199339415375
3.638850833213638
3.638782146035531
3.6387138714753053
3.638646008602441
3.6385785564878126
3.6385114949456803
3.638445878385458
3.6383814838794932
3.6383174905112075
3.6382538973790983
3.6381907035829832
3.638127855090612
3.6380662978503846
3.638007964560043
3.6379500104890474
3.6378924347951216
3.6378352366371938
3.637778415175396
3.637721969571063
3.6376658989867394
3.637610202586174
3.637554879534316
3.637499928997328
3.6374453501425705
3.637391142138619
3.6373375165853834
3.637284928422735
3.637232139973571
3.637179889692201
3.6371280022201544
3.6370764767410564
3.6370253124397522
3.636974508502294
3.6369240641159446
3.636874095265916
3.6368244131176186
3.636775086712392
3.636726582118981
3.6366788548426725
3.636631478701403
3.636584452899609
3.636537776642932
3.6364914491382208
3.6364454695935295
3.636399837218124
3.636354551222463
3.6363096108182305
3.6362651524032548
3.6362218221215636
3.636178832557059
3.6361355825056276
3.636089681428024
3.636044141533478
3.635998952557963
3.635952492974451
3.6359060897141253
3.6358600413500985
3.6358143470440654
3.6357692768370726
3.635725237948304
3.635681548323384
3.6356376208897103
3.6355934324257393
3.6355495950014074
3.635506107781383
3.6354629699317638
3.635420180620047
3.6353777390151483
3.6353356442873963
3.635293895608531
3.635252492151691
3.6352114330914356
3.635170717603729
3.635130344865948
3.635090314056868
3.635050624356681
3.635011274946981
3.634972265010767
3.6349335937324443
3.6348952602978235
3.6348572638941135
3.6348196037099356
3.634782278935312
3.6347452887616614
3.6347086323818085
3.6346721136279276
3.6346359915901902
3.6346002015242918
3.6345647426239256
3.6345296168079964
3.634494801064385
3.634460313509297
3.6344261533414013
3.634392319760795
3.634358811969009
3.6343252044849588
3.6342911881931994
3.634257499228808
3.634223979375602
3.634190840267238
3.6341580266603892
3.6341262508120398
3.6340956784858442
3.6340653851056843
3.634035407280401
3.63400529178171
3.6339747475438013
3.6339445205954926
3.6339146101506383
3.633885079188191
3.633856026701337
3.6338261069037325
3.633795038359469
3.6337640653176186
3.633732627325494
3.6337014690843663
3.6336706563804793
3.6336401522317763
3.6336050941285127
3.6335655964139186
3.6335264362996225
3.633487612905776
3.6334491253543244
3.633410972769016
3.6333726061530762
3.63332941522664
3.6332865751444072
3.6332440155268886
3.633201775112547
3.6331598842957313
3.6331183421373043
3.6330807750893155
3.633047818611122
3.6330151794142176
3.6329828566575637
3.6329508495018508
3.6329191571095074
3.632887778644699
3.632856713273311
3.6328259601629758
3.6327955184830403
3.6327653874045875
3.632735566100418
3.6327060639363586
3.6326771604390493
3.6326485616615285
3.6326196800400323
3.6325908097279163
3.6325622422279746
3.632533976727503
3.6325060124155173
3.6324747086760447
3.6324423079727066
3.6324102233599995
3.6323784539674318
3.6323469989264026
3.6323158573701892
3.6322850284339685
3.6322541260619943
3.63222344556988
3.6321930754906306
3.632163014963851
3.63213326313104
3.632103819135582
3.632074936597564
3.6320469082342663
3.632019183147068
3.6319917604956244
3.6319646394414353
3.631937819147853
3.6319116797273354
3.6318864922700596
3.6318614734843875
3.6318367517090264
3.6318123261171187
3.6317881958836438
3.6317643601854055
3.6317408182010507
3.631717569111054
3.631694612097708
3.6316719463451457
3.631649653822578
3.6316277971273294
3.6316062280098445
3.63158466612268
3.631562804081255
3.631541227788602
3.6315196806803463
3.6314978483733964
3.6314763000055605
3.6314550347748207
3.631434051880985
3.631413350525675
3.6313927079873105
3.6313713745905845
3.631350324351754
3.631329556464872
3.631309070125838
3.631288864532414
3.6312689388842014
3.6312492923826527
3.6312299242310657
3.631210833634566
3.631192019800132
3.631171842325727
3.631151519343713
3.631132183694771
3.6311134557986424
3.6310969174453307
3.6310818903822417
3.6310671206393668
3.631052102885609
3.631035617750669
3.631019390237472
3.6310033914989632
3.630987571211233
3.6309720083341857
3.6309567021258804
3.630941651846119
3.6309268567564286
3.630912316120075
3.630898029202052
3.63088399526908
3.6308702135896005
3.630856683433785
3.6308434040735227
3.6308303747824167
3.630816273901565
3.630799053633919
3.630782098206082
3.6307654068311734
3.6307489787242053
3.6307328131020964
3.630716673312456
3.6307001647283195
3.63068391733719
3.630667930358973
3.630652203015478
3.630636734530406
3.6306215241293645
3.630606571039834
3.6305918994045343
3.630577363508071
3.630562541603399
3.6305472995122523
3.630532318478522
3.63051759770901
3.6305031364124916
3.6304889337997315
3.63047498908346
3.6304613014783995
3.6304478702012273
3.630434694470592
3.6304217848765874
3.630409136830706
3.630396733534319
3.6303845812586695
3.630372679232944
3.630363694157983
3.6303551817364084
3.630346905013185
3.630338863269955
3.630331055790178
3.6303234818591235
3.6303161407638807
3.6303090317933298
3.6303021542381733
3.6302955073908993
3.63028758975353
3.6302792029583983
3.6302703402558056
3.6302617094028147
3.6302533096810286
3.630245140373902
3.630237200766723
3.6302294901466365
3.630222007802612
3.630214753025462
3.6302077251078315
3.630200923344195
3.630194347030847
3.630187995465917
3.6301818679493456
3.6301759637828916
3.6301702822701345
3.6301633275663012
3.63015395108132
3.6301448112709087
3.630135907379249
3.630127238652528
3.6301188043389345
3.6301106036886552
3.6301026359538597
3.6300949003887313
3.6300873962494205
3.6300801227940678
3.630073079282796
3.6300662649777045
3.6300596791428634
3.630053321044319
3.630047189950076
3.630041285130104
3.6300356058563383
3.6300301514026643
3.6300249210449236
3.6300193752877936
3.6300099490829534
3.630000762615237
3.629991815092277
3.6299831057238916
3.6299746337220666
3.6299663983009656
3.629958398676914
3.6299506206395025
3.6299430204776324
3.6299356539063226
3.629928519312771
3.6299216067451274
3.629914925052657
3.629908473463625
3.6299021976684713
3.629896305334216
3.6298906394605406
3.62988519928682
3.6298799840545763
3.629874993007474
3.629870225391308
3.6298656804540195
3.6298613574456713
3.62985725561845
3.6298533742266716
3.6298497125267564
3.6298462697772487
3.6298430452388044
3.629840038174167
3.6298372478482
3.629834673527851
3.6298323144821714
3.629830169982287
3.6298282393014216
3.6298265217148695
3.6298245265121034
3.629821455689803
3.629818598486102
3.6298159541691746
3.6298135220093135
3.629811301278916
3.629809291252497
3.62980749120666
3.6298059004201235
3.62980527329295
3.6298070196361447
3.629807548498114
3.6298079433302064
3.6298072364920784
3.629806727161627
3.629806414648168
3.6298068480117323
3.6298085670357945
3.6298104772091357
3.6298125778652843
3.6298148683397695
3.6298173479700777
3.629820016095677
3.629822872057995
3.6298259152004237
3.6298291448683133
3.6298325604089596
3.6298361611716197
3.629839946507486
3.6298439157696887
3.629848068313308
3.6298524034953363
3.629856920674713
3.62986161921229
3.6298664984708346
3.629871557815037
3.6298767966114966
3.6298822142287173
3.6298878100370997
3.6298935834089514
3.629899533718467
3.6299056603417337
3.6299119626567182
3.6299184400432756
3.62992509188313
3.6299319175598836
3.629938916459001
3.6299460605382636
3.629953341598625
3.629960794142823
3.629968417561139
3.629976211245712
3.6299841745905495
3.6299923069915034
3.6300006078462896
3.630009076554454
3.630017712517402
3.6300252379531206
3.630032612657448
3.6300401557326483
3.6300471764249664
3.630053623890595
3.630060240572571
3.630067025851696
3.6300739791107
3.630081099734255
3.630088387108972
3.630095840623384
3.630103459667954
3.6301112436350618
3.630119191919008
3.630127303916
3.6301355790241496
3.630145699145369
3.6301573498001485
3.630169149154201
3.630181096660581
3.630193191774053
3.6302054339510965
3.630217822649904
3.6302303573303645
3.630243037454073
3.6302558624843204
3.6302688318860854
3.630282010841738
3.6302953166695198
3.630308764474618
3.6303223537298797
3.6303360839098175
3.6303499544906277
3.6303639649501687
3.6303781147679572
3.630392403425164
3.6304068304046266
3.6304213951908255
3.630436097269884
3.6304509361295687
3.6304659112592854
3.6304810221500685
3.6304962682945816
3.63051164918712
3.6305271643235844
3.63054281320151
3.630555339787904
3.6305673198095594
3.6305833920840485
3.6305963327298
3.630608750037461
3.6306252409358986
3.630638509798041
3.630651484837605
3.6306652731356
3.630678516764946
3.6306925991014154
3.630706110670912
3.630723690719951
3.630738144793658
3.6307520947653456
3.6307668288579302
3.630781044797271
3.6307960730055857
3.630810555029289
3.6308258594645832
3.630840606961002
3.630856184122332
3.630871196484002
3.630887042893254
3.630902129160878
3.630917891190502
3.6309330817921452
3.6309495124478848
3.630965496989019
3.6309823107022385
3.6309985555724875
3.6310156228299424
3.631032127427193
3.631049444914818
3.631065113002457
3.6310810583501487
3.6310963647264924
3.6311114765015606
3.6311247546487238
3.63114214146775
3.631159653264223
3.631177289541869
3.631191885688591
3.631205822216663
3.631223854163911
3.631242008533236
3.6312602848372406
3.6312755156673604
3.6312901060811447
3.631308770393347
3.631327554616628
3.63134330312091
3.6313583985095317
3.631377564652722
3.6313962987995745
3.6314122590093376
3.6314283510808254
3.631444574474455
3.631460928652545
3.6314774130793475
3.631494027221003
3.6315107705455647
3.6315276425229746
3.631544642625067
3.6315617703255554
3.6315790251000366
3.6315964064259743
3.6316139137827017
3.6316315466514135
3.6316493045151543
3.631667186858822
3.631685193169155
3.631703322934739
3.631721575645978
3.6317399507951125
3.6317584478761975
3.631777066385111
3.631795805819534
3.631814665678959
3.6318336454646674
3.631852744679743
3.63187193326162
3.631890741047377
3.631909667512727
3.6319287121630377
3.631947874505459
3.6319673382294844
3.6319840417618097
3.6319966381963567
3.6320093781744203
3.6320222611046087
3.6320352863976892
3.6320484534665645
3.632061761726255
3.632075210593908
3.6320887994887956
3.632102527832287
3.6321163950478668
3.632130400561105
3.6321445437996736
3.6321588241933136
3.6321732411738648
3.6321877941752145
3.632202482633331
3.632217305986234
3.632232263674001
3.632247355138747
3.6322625798246326
3.6322779371778497
3.6322934266466143
3.632309047681166
3.6323247997337567
3.6323406822586475
3.632356694712103
3.632372836552372
3.632389107239706
3.632405506236337
3.632422033006461
3.632438687016263
3.6324554677338834
3.6324723746294114
3.6324894071749063
3.6325065648443577
3.6325238471137036
3.6325412534608144
3.6325587833654835
3.632576436309432
3.6325942117762917
3.6326121092516055
3.6326301282228197
3.6326482681792718
3.632666528612202
3.6326849090147255
3.6327034088818437
3.6327220277104275
3.6327407649992134
3.6327596202488035
3.6327785929616536
3.632797682642066
3.632816888796191
3.632836210932012
3.6328556485593477
3.6328752011898464
3.632894868336964
3.6329146495159867
3.6329345442439944
3.6329545520398745
3.6329746724243197
3.632994904919804
3.633015249050587
3.633035704342709
3.6330562703239906
3.633076946524009
3.6330977324741167
3.6331186277074083
3.6331396317587408
3.633160744164711
3.633181964463657
3.6332032921956503
3.633224726902493
3.6332462681277087
3.633267915416532
3.6332896683159204
3.6333115263745297
3.6333334891427165
3.633355556172535
3.633377727017723
3.6334000012337118
3.6334223783776016
3.6334448580081746
3.6334674396858673
3.6334901229727925
3.633512907432711
3.633535792631034
3.6335587781348226
3.6335818635127755
3.6336050483352276
3.633628332174139
3.6336511719885434
3.6336739926136112
3.6336969104580983
3.6337199251028514
3.6337430361303125
3.6337662431244993
3.6337895456710183
3.6338129433570376
3.6338364357713133
3.6338600225041473
3.6338837031474087
3.6339074772945215
3.6339313445404544
3.633954511678567
3.6339758444772117
3.6339972812875785
3.6340188216490703
3.6340404651028617
3.634062211191923
3.6340840594609927
3.6341060094565663
3.634128060726906
3.634150212822036
3.6341724652937217
3.6341948176954713
3.634217269582534
3.634239820511889
3.6342624700422377
3.634285217734005
3.634308063149332
3.634331005852063
3.6343540454077443
3.634377181383624
3.634400413348634
3.6344237408734
3.6344471635302207
3.634470680893069
3.6344942925375894
3.634517998041088
3.6345417969825227
3.6345656889425046
3.634589673503301
3.634613442378868
3.6346366467146956
3.6346599438090914
3.634683333238119
3.634706814579517
3.634730387412709
3.6347540513187884
3.634778305497685
3.6348032404172836
3.634828289930461
3.634854699521631
3.634881192433089
3.6349077682897564
3.6349327329284553
3.6349573043976076
3.6349819685892872
3.6350067250764204
3.635031573433682
3.635056513237472
3.6350815440659443
3.635106665498946
3.6351318771180785
3.635157178506631
3.635182569249607
3.6352080489337166
3.635233617147357
3.6352606157273866
3.635287870283126
3.6353162123247715
3.6353446351381056
3.6353731383594576
3.6354017216266774
3.635430384579121
3.63545912685764
3.635487948104586
3.6355168479638063
3.6355458260806213
3.6355748821018428
3.635604015675741
3.6356332264520805
3.635662514082061
3.6356918782183616
3.6357213185150994
3.6357508346278453
3.635780426213614
3.635810092930853
3.635839834439439
3.6358696504006836
3.6358995404773125
3.635929504333463
3.6359595416346924
3.6359896520479578
3.636019835241617
3.6360500908854183
3.6360804186505087
3.6361108182094157
3.6361412892360385
3.636171831405661
3.636202444394931
3.6362331278818636
3.6362638815458275
3.636294705067554
3.6363255981291114
3.6363565604139216
3.6363875916067414
3.6364186913936596
3.6364498594620995
3.6364810955008045
3.6365123991998405
3.636543770250579
3.636575208345712
3.636606713179226
3.636638284446413
3.636669921843859
3.636701625069439
3.6367333938223108
3.636764196618023
3.6367943258410245
3.6368242626730933
3.6368542681211236
3.6368843418834227
3.636914483659583
3.636944693150455
3.636974757847722
3.6370048543181617
3.6370348682862685
3.637064902368425
3.637095002809193
3.637125169312459
3.637155401583376
3.6371856993283544
3.6372160622550513
3.637246490072386
3.637276982490508
3.637307539220823
3.6373381599759567
3.637368844469776
3.637399592417366
3.637430403535033
3.6374612775403032
3.6374931486310738
3.6375270965735496
3.6375612296554833
3.6375954154825405
3.637629653827806
3.637663944465361
3.637698287170246
3.6377326817184934
3.6377671278871024
3.6378016254540397
3.637836174198237
3.63787077389958
3.637905424338922
3.6379401252980608
3.6379748765597513
3.6380096779076823
3.6380445291264896
3.6380794300017567
3.6381143803199865
3.63814867830946
3.6381827093106476
3.638216791302233
3.6382509240681835
3.6382851073934046
3.6383193410637364
3.6383536248659456
3.6383879585877335
